Grid		 	    Points/A	  Phi_acc	 Phi_void
0001 x 0001 x 0001	    0.0387	 100.0000000000	 100.0000000000
0002 x 0002 x 0002	    0.0773	 100.0000000000	 100.0000000000
0003 x 0003 x 0003	    0.1160	  55.5555573000	 100.0000000000
0004 x 0004 x 0004	    0.1546	  50.0000000000	  50.0000000000
0005 x 0005 x 0005	    0.1933	  64.8000031000	  84.0000000000
0006 x 0006 x 0006	    0.2320	  62.9629593000	 100.0000000000
0007 x 0007 x 0007	    0.2706	  48.6880493000	  82.5072861000
0008 x 0008 x 0008	    0.3093	  46.8750000000	  84.3750000000
0009 x 0009 x 0009	    0.3479	  52.8120689000	  84.0877914000
0010 x 0010 x 0010	    0.3866	  64.8000031000	  82.4000015000
0011 x 0011 x 0011	    0.4253	  51.0142746000	  80.7663422000
0012 x 0012 x 0012	    0.4639	  60.1851883000	  92.5925903000
0013 x 0013 x 0013	    0.5026	  54.6654510000	  81.0650864000
0014 x 0014 x 0014	    0.5413	  46.9387779000	  83.0903778000
0015 x 0015 x 0015	    0.5799	  54.3703690000	  81.0370407000
0016 x 0016 x 0016	    0.6186	  50.3906250000	  76.1718750000
0017 x 0017 x 0017	    0.6572	  51.6385078000	  80.8670883000
0018 x 0018 x 0018	    0.6959	  54.7325058000	  79.9725647000
0019 x 0019 x 0019	    0.7346	  53.4626083000	  78.5974655000
0020 x 0020 x 0020	    0.7732	  54.5999985000	  80.5999985000
0021 x 0021 x 0021	    0.8119	  51.9274368000	  81.0387650000
0022 x 0022 x 0022	    0.8505	  75.2066116000	  81.5176544000
0023 x 0023 x 0023	    0.8892	  72.5158234000	  79.4526138000
0024 x 0024 x 0024	    0.9279	  72.6851883000	  78.7037048000
0025 x 0025 x 0025	    0.9665	  70.8415985000	  79.8784027000
0026 x 0026 x 0026	    1.0052	  71.5065994000	  80.0637207000
0027 x 0027 x 0027	    1.0438	  69.8623199000	  80.2469101000
0028 x 0028 x 0028	    1.0825	  69.4606400000	  80.1020355000
0029 x 0029 x 0029	    1.1212	  69.3796387000	  80.5158081000
0030 x 0030 x 0030	    1.1598	  69.3629608000	  80.6222229000
0031 x 0031 x 0031	    1.1985	  75.8450546000	  80.6250229000
0032 x 0032 x 0032	    1.2372	  77.3437500000	  80.8593750000
0033 x 0033 x 0033	    1.2758	  74.8448639000	  80.1764221000
0034 x 0034 x 0034	    1.3145	  73.9466705000	  81.3555908000
0035 x 0035 x 0035	    1.3531	  73.7656021000	  80.2682190000
0036 x 0036 x 0036	    1.3918	  73.9368973000	  80.1783295000
0037 x 0037 x 0037	    1.4305	  72.4715271000	  80.4157639000
0038 x 0038 x 0038	    1.4691	  74.7922440000	  79.9970856000
0039 x 0039 x 0039	    1.5078	  73.9172974000	  79.8647995000
0040 x 0040 x 0040	    1.5464	  72.4874954000	  80.0750046000
0041 x 0041 x 0041	    1.5851	  72.9197235000	  80.1395798000
0042 x 0042 x 0042	    1.6238	  72.5083694000	  80.5204620000
0043 x 0043 x 0043	    1.6624	  71.5446396000	  80.5551682000
0044 x 0044 x 0044	    1.7011	  74.2862549000	  80.2592010000
0045 x 0045 x 0045	    1.7397	  74.2902603000	  79.9791489000
0046 x 0046 x 0046	    1.7784	  73.5678482000	  79.9128799000
0047 x 0047 x 0047	    1.8171	  73.0464325000	  80.1623917000
0048 x 0048 x 0048	    1.8557	  72.9600677000	  80.4976883000
0049 x 0049 x 0049	    1.8944	  76.8667831000	  80.3517227000
0050 x 0050 x 0050	    1.9331	  76.4991989000	  80.1472015000
0051 x 0051 x 0051	    1.9717	  76.0363617000	  80.0076904000
0052 x 0052 x 0052	    2.0104	  76.0810165000	  79.8133774000
0053 x 0053 x 0053	    2.0490	  76.8130722000	  80.2682724000
0054 x 0054 x 0054	    2.0877	  76.8582077000	  80.3383636000
0055 x 0055 x 0055	    2.1264	  76.3329773000	  80.2662659000
0056 x 0056 x 0056	    2.1650	  76.0249634000	  80.3480301000
0057 x 0057 x 0057	    2.2037	  75.2496033000	  80.1396332000
0058 x 0058 x 0058	    2.2423	  75.5381546000	  80.2205887000
0059 x 0059 x 0059	    2.2810	  75.2243423000	  80.3621597000
0060 x 0060 x 0060	    2.3197	  74.8592606000	  80.2074051000
0061 x 0061 x 0061	    2.3583	  76.5407715000	  80.1974564000
0062 x 0062 x 0062	    2.3970	  76.5499649000	  80.4706116000
0063 x 0063 x 0063	    2.4356	  75.8445435000	  80.3428955000
0064 x 0064 x 0064	    2.4743	  76.0620117000	  80.3039551000
0065 x 0065 x 0065	    2.5130	  77.2635422000	  80.2028275000
0066 x 0066 x 0066	    2.5516	  76.8372421000	  80.1040726000
0067 x 0067 x 0067	    2.5903	  76.6700058000	  80.1651154000
0068 x 0068 x 0068	    2.6289	  76.3026657000	  80.4854431000
0069 x 0069 x 0069	    2.6676	  77.0161591000	  80.2428513000
0070 x 0070 x 0070	    2.7063	  76.9096222000	  80.2448959000
0071 x 0071 x 0071	    2.7449	  76.5740662000	  80.2777786000
0072 x 0072 x 0072	    2.7836	  77.3148117000	  80.0497208000
0073 x 0073 x 0073	    2.8223	  76.7074432000	  80.1643600000
0074 x 0074 x 0074	    2.8609	  76.7417526000	  80.3367996000
0075 x 0075 x 0075	    2.8996	  76.5873795000	  80.1789627000
0076 x 0076 x 0076	    2.9382	  76.5527039000	  80.3032532000
0077 x 0077 x 0077	    2.9769	  76.0560608000	  80.1985855000
0078 x 0078 x 0078	    3.0156	  77.6260529000	  79.9929199000
0079 x 0079 x 0079	    3.0542	  76.8659286000	  80.2465897000
0080 x 0080 x 0080	    3.0929	  76.9187546000	  80.3375015000
0081 x 0081 x 0081	    3.1315	  77.6622391000	  80.1761627000
0082 x 0082 x 0082	    3.1702	  77.5032272000	  80.2730713000
0083 x 0083 x 0083	    3.2089	  77.0550919000	  80.1947250000
0084 x 0084 x 0084	    3.2475	  76.9382324000	  80.3045044000
0085 x 0085 x 0085	    3.2862	  76.6972504000	  80.2691650000
0086 x 0086 x 0086	    3.3248	  76.2649841000	  80.4168167000
0087 x 0087 x 0087	    3.3635	  76.6537094000	  80.1786804000
0088 x 0088 x 0088	    3.4022	  76.5495911000	  80.2075500000
0089 x 0089 x 0089	    3.4408	  77.4282303000	  80.2209702000
0090 x 0090 x 0090	    3.4795	  77.4968414000	  80.1437531000
0091 x 0091 x 0091	    3.5182	  77.1880798000	  80.2434006000
0092 x 0092 x 0092	    3.5568	  77.8745804000	  80.1779404000
0093 x 0093 x 0093	    3.5955	  77.4199753000	  80.2823868000
0094 x 0094 x 0094	    3.6341	  77.8603973000	  80.1855087000
0095 x 0095 x 0095	    3.6728	  77.5710754000	  80.1300430000
0096 x 0096 x 0096	    3.7115	  77.3220444000	  80.3041840000
0097 x 0097 x 0097	    3.7501	  77.5783920000	  80.2702637000
0098 x 0098 x 0098	    3.7888	  77.4150238000	  80.2497253000
0099 x 0099 x 0099	    3.8274	  77.7548981000	  80.2514496000
0100 x 0100 x 0100	    3.8661	  77.5159988000	  80.3376007000
0101 x 0101 x 0101	    3.9048	  77.4481430000	  80.2251968000
0102 x 0102 x 0102	    3.9434	  77.4113998000	  80.0423660000
0103 x 0103 x 0103	    3.9821	  77.1888123000	  80.2336731000
0104 x 0104 x 0104	    4.0207	  77.2431107000	  80.2244568000
0105 x 0105 x 0105	    4.0594	  76.8754120000	  80.1455536000
0106 x 0106 x 0106	    4.0981	  77.3074417000	  80.2964859000
0107 x 0107 x 0107	    4.1367	  77.0137100000	  80.2286148000
0108 x 0108 x 0108	    4.1754	  77.9644852000	  80.2431030000
0109 x 0109 x 0109	    4.2141	  77.5121613000	  80.2024460000
0110 x 0110 x 0110	    4.2527	  78.1559677000	  80.2049561000
0111 x 0111 x 0111	    4.2914	  78.0013733000	  80.1972961000
0112 x 0112 x 0112	    4.3300	  77.8083954000	  80.1942902000
0113 x 0113 x 0113	    4.3687	  77.7225952000	  80.2067642000
0114 x 0114 x 0114	    4.4074	  77.8144989000	  80.1590805000
0115 x 0115 x 0115	    4.4460	  77.2733459000	  80.2500534000
0116 x 0116 x 0116	    4.4847	  77.0598450000	  80.1744614000
0117 x 0117 x 0117	    4.5233	  77.8618164000	  80.2479172000
0118 x 0118 x 0118	    4.5620	  77.9120560000	  80.2784119000
0119 x 0119 x 0119	    4.6007	  77.8033981000	  80.2273865000
0120 x 0120 x 0120	    4.6393	  77.7296295000	  80.2703705000
0121 x 0121 x 0121	    4.6780	  77.6195145000	  80.2108994000
0122 x 0122 x 0122	    4.7166	  77.7298584000	  80.1886520000
0123 x 0123 x 0123	    4.7553	  77.4150467000	  80.2223358000
0124 x 0124 x 0124	    4.7940	  77.9010391000	  80.1785736000
0125 x 0125 x 0125	    4.8326	  77.6540680000	  80.2062836000
0126 x 0126 x 0126	    4.8713	  78.0309296000	  80.2573166000
0127 x 0127 x 0127	    4.9100	  77.7971191000	  80.2234268000
0128 x 0128 x 0128	    4.9486	  78.0284882000	  80.2307129000
0129 x 0129 x 0129	    4.9873	  77.7100449000	  80.2162323000
0130 x 0130 x 0130	    5.0259	  78.0194855000	  80.2137451000
0131 x 0131 x 0131	    5.0646	  77.7624664000	  80.2043610000
0132 x 0132 x 0132	    5.1033	  77.6887360000	  80.2334671000
0133 x 0133 x 0133	    5.1419	  78.0984497000	  80.2148819000
0134 x 0134 x 0134	    5.1806	  78.1043549000	  80.1943741000
0135 x 0135 x 0135	    5.2192	  77.6640549000	  80.2147217000
0136 x 0136 x 0136	    5.2579	  77.6199646000	  80.1470566000
0137 x 0137 x 0137	    5.2966	  77.7485275000	  80.2163315000
0138 x 0138 x 0138	    5.3352	  77.5811310000	  80.2781677000
0139 x 0139 x 0139	    5.3739	  78.0686646000	  80.2284622000
0140 x 0140 x 0140	    5.4125	  78.1976700000	  80.2104950000
0141 x 0141 x 0141	    5.4512	  78.0359802000	  80.2297440000
0142 x 0142 x 0142	    5.4899	  77.9660263000	  80.2191010000
0143 x 0143 x 0143	    5.5285	  77.9465637000	  80.2071457000
0144 x 0144 x 0144	    5.5672	  77.9146881000	  80.1954727000
0145 x 0145 x 0145	    5.6058	  78.0646057000	  80.2030106000
0146 x 0146 x 0146	    5.6445	  77.9940186000	  80.1998367000
0147 x 0147 x 0147	    5.6832	  78.0619278000	  80.2211380000
0148 x 0148 x 0148	    5.7218	  77.9988327000	  80.1986008000
0149 x 0149 x 0149	    5.7605	  77.7284317000	  80.2295609000
0150 x 0150 x 0150	    5.7992	  77.7467270000	  80.1946106000
0151 x 0151 x 0151	    5.8378	  78.0329132000	  80.1968689000
0152 x 0152 x 0152	    5.8765	  77.8393326000	  80.2353668000
0153 x 0153 x 0153	    5.9151	  78.1363373000	  80.2106171000
0154 x 0154 x 0154	    5.9538	  78.3485565000	  80.2038422000
0155 x 0155 x 0155	    5.9925	  77.9890594000	  80.2250061000
0156 x 0156 x 0156	    6.0311	  78.1419067000	  80.2630692000
0157 x 0157 x 0157	    6.0698	  78.2787781000	  80.2260132000
0158 x 0158 x 0158	    6.1084	  78.0285110000	  80.2352371000
0159 x 0159 x 0159	    6.1471	  78.2478180000	  80.2002106000
0160 x 0160 x 0160	    6.1858	  78.1902390000	  80.1738281000
0161 x 0161 x 0161	    6.2244	  77.9713898000	  80.2085724000
0162 x 0162 x 0162	    6.2631	  78.1157227000	  80.2318573000
0163 x 0163 x 0163	    6.3017	  78.1253433000	  80.2200394000
0164 x 0164 x 0164	    6.3404	  78.0371704000	  80.1967545000
0165 x 0165 x 0165	    6.3791	  77.9335632000	  80.2211227000
0166 x 0166 x 0166	    6.4177	  78.2065659000	  80.1747894000
0167 x 0167 x 0167	    6.4564	  78.0585327000	  80.1951447000
0168 x 0168 x 0168	    6.4951	  77.8538666000	  80.2255478000
0169 x 0169 x 0169	    6.5337	  78.0786057000	  80.2299194000
0170 x 0170 x 0170	    6.5724	  78.3176041000	  80.2170563000
0171 x 0171 x 0171	    6.6110	  78.1066818000	  80.2123566000
0172 x 0172 x 0172	    6.6497	  78.0137329000	  80.2574005000
0173 x 0173 x 0173	    6.6884	  77.9834213000	  80.2073364000
0174 x 0174 x 0174	    6.7270	  78.4116364000	  80.2436676000
0175 x 0175 x 0175	    6.7657	  78.0725861000	  80.2069473000
0176 x 0176 x 0176	    6.8043	  78.2570648000	  80.1453323000
0177 x 0177 x 0177	    6.8430	  78.2837601000	  80.2178955000
0178 x 0178 x 0178	    6.8817	  78.2030106000	  80.2181396000
0179 x 0179 x 0179	    6.9203	  78.0758591000	  80.2300110000
0180 x 0180 x 0180	    6.9590	  78.3481445000	  80.2145386000
0181 x 0181 x 0181	    6.9976	  78.1288910000	  80.1975479000
0182 x 0182 x 0182	    7.0363	  78.1273422000	  80.2378311000
0183 x 0183 x 0183	    7.0750	  78.2016068000	  80.2319870000
0184 x 0184 x 0184	    7.1136	  78.1478577000	  80.2002869000
0185 x 0185 x 0185	    7.1523	  78.0776672000	  80.2196121000
0186 x 0186 x 0186	    7.1910	  78.2990646000	  80.2503128000
0187 x 0187 x 0187	    7.2296	  78.3445206000	  80.2100677000
0188 x 0188 x 0188	    7.2683	  78.2699890000	  80.1717834000
0189 x 0189 x 0189	    7.3069	  78.1141586000	  80.2109451000
0190 x 0190 x 0190	    7.3456	  78.3274536000	  80.1699371000
0191 x 0191 x 0191	    7.3843	  78.1545868000	  80.2135849000
0192 x 0192 x 0192	    7.4229	  78.1557465000	  80.2408905000
0193 x 0193 x 0193	    7.4616	  78.1531906000	  80.2171021000
0194 x 0194 x 0194	    7.5002	  78.4989853000	  80.2553558000
0195 x 0195 x 0195	    7.5389	  78.2077484000	  80.2094574000
0196 x 0196 x 0196	    7.5776	  78.2407837000	  80.1970215000
0197 x 0197 x 0197	    7.6162	  78.2445145000	  80.2063828000
0198 x 0198 x 0198	    7.6549	  78.2543335000	  80.1982727000
0199 x 0199 x 0199	    7.6935	  78.3214951000	  80.2266083000
0200 x 0200 x 0200	    7.7322	  78.5214005000	  80.2612000000
0201 x 0201 x 0201	    7.7709	  78.2264404000	  80.2108231000
0202 x 0202 x 0202	    7.8095	  78.1725922000	  80.2100525000
0203 x 0203 x 0203	    7.8482	  78.1220474000	  80.2091675000
0204 x 0204 x 0204	    7.8868	  78.3403473000	  80.2487335000
0205 x 0205 x 0205	    7.9255	  78.3576889000	  80.2129898000
0206 x 0206 x 0206	    7.9642	  78.4151993000	  80.2517929000
0207 x 0207 x 0207	    8.0028	  78.2967834000	  80.1958237000
0208 x 0208 x 0208	    8.0415	  78.3456497000	  80.2176971000
0209 x 0209 x 0209	    8.0802	  78.3733063000	  80.2116470000
0210 x 0210 x 0210	    8.1188	  78.3484268000	  80.1669769000
0211 x 0211 x 0211	    8.1575	  78.0885773000	  80.2126694000
0212 x 0212 x 0212	    8.1961	  78.0934067000	  80.2081604000
0213 x 0213 x 0213	    8.2348	  78.1899872000	  80.2106781000
0214 x 0214 x 0214	    8.2735	  78.3522720000	  80.2279587000
0215 x 0215 x 0215	    8.3121	  78.2981033000	  80.2210312000
0216 x 0216 x 0216	    8.3508	  78.3921204000	  80.2121429000
0217 x 0217 x 0217	    8.3894	  78.3980026000	  80.2253494000
0218 x 0218 x 0218	    8.4281	  78.4031830000	  80.2169647000
0219 x 0219 x 0219	    8.4668	  78.2794266000	  80.2146301000
0220 x 0220 x 0220	    8.5054	  78.4141235000	  80.2243423000
0221 x 0221 x 0221	    8.5441	  78.3689651000	  80.2213135000
0222 x 0222 x 0222	    8.5827	  78.4795761000	  80.1991959000
0223 x 0223 x 0223	    8.6214	  78.4771347000	  80.2123184000
0224 x 0224 x 0224	    8.6601	  78.3361816000	  80.1853180000
0225 x 0225 x 0225	    8.6987	  78.2809067000	  80.2134094000
0226 x 0226 x 0226	    8.7374	  78.3642197000	  80.2315750000
0227 x 0227 x 0227	    8.7761	  78.3458481000	  80.2070999000
0228 x 0228 x 0228	    8.8147	  78.2794800000	  80.1947174000
0229 x 0229 x 0229	    8.8534	  78.1742172000	  80.2030640000
0230 x 0230 x 0230	    8.8920	  78.2651443000	  80.2194138000
0231 x 0231 x 0231	    8.9307	  78.2893753000	  80.2159424000
0232 x 0232 x 0232	    8.9694	  78.3672333000	  80.2207184000
0233 x 0233 x 0233	    9.0080	  78.3388214000	  80.2043381000
0234 x 0234 x 0234	    9.0467	  78.3573227000	  80.2264328000
0235 x 0235 x 0235	    9.0853	  78.3384857000	  80.2142639000
0236 x 0236 x 0236	    9.1240	  78.3545914000	  80.2006302000
0237 x 0237 x 0237	    9.1627	  78.2315216000	  80.2087936000
0238 x 0238 x 0238	    9.2013	  78.2970047000	  80.2238235000
0239 x 0239 x 0239	    9.2400	  78.3754349000	  80.2059174000
0240 x 0240 x 0240	    9.2786	  78.3204269000	  80.2175903000
0241 x 0241 x 0241	    9.3173	  78.4050369000	  80.2186661000
0242 x 0242 x 0242	    9.3560	  78.5523071000	  80.2163162000
0243 x 0243 x 0243	    9.3946	  78.4072495000	  80.2110901000
0244 x 0244 x 0244	    9.4333	  78.3606339000	  80.2013168000
0245 x 0245 x 0245	    9.4720	  78.4672012000	  80.2072372000
0246 x 0246 x 0246	    9.5106	  78.4808960000	  80.2165298000
0247 x 0247 x 0247	    9.5493	  78.4215546000	  80.2182465000
0248 x 0248 x 0248	    9.5879	  78.4486618000	  80.2198563000
0249 x 0249 x 0249	    9.6266	  78.3854752000	  80.2185822000
0250 x 0250 x 0250	    9.6653	  78.4558029000	  80.2298355000
0251 x 0251 x 0251	    9.7039	  78.3736038000	  80.2053604000
0252 x 0252 x 0252	    9.7426	  78.4455109000	  80.2154160000
0253 x 0253 x 0253	    9.7812	  78.4207001000	  80.2122726000
0254 x 0254 x 0254	    9.8199	  78.3813858000	  80.2011642000
0255 x 0255 x 0255	    9.8586	  78.3759689000	  80.2128143000
0256 x 0256 x 0256	    9.8972	  78.5204926000	  80.2244186000
0257 x 0257 x 0257	    9.9359	  78.3611679000	  80.2040787000
0258 x 0258 x 0258	    9.9745	  78.3323059000	  80.2248993000
0259 x 0259 x 0259	   10.0132	  78.3082275000	  80.2154007000
0260 x 0260 x 0260	   10.0519	  78.3643570000	  80.2061005000
0261 x 0261 x 0261	   10.0905	  78.4534836000	  80.2051773000
0262 x 0262 x 0262	   10.1292	  78.4801407000	  80.2105026000
0263 x 0263 x 0263	   10.1679	  78.3408051000	  80.2145233000
0264 x 0264 x 0264	   10.2065	  78.5324783000	  80.2352905000
0265 x 0265 x 0265	   10.2452	  78.4555359000	  80.2188568000
0266 x 0266 x 0266	   10.2838	  78.5220184000	  80.1968307000
0267 x 0267 x 0267	   10.3225	  78.4690247000	  80.2116241000
0268 x 0268 x 0268	   10.3612	  78.5251999000	  80.2142410000
0269 x 0269 x 0269	   10.3998	  78.4754562000	  80.2126923000
0270 x 0270 x 0270	   10.4385	  78.3603745000	  80.2134552000
0271 x 0271 x 0271	   10.4771	  78.4773254000	  80.2127304000
0272 x 0272 x 0272	   10.5158	  78.4408417000	  80.2095566000
0273 x 0273 x 0273	   10.5545	  78.2989044000	  80.2045364000
0274 x 0274 x 0274	   10.5931	  78.4766235000	  80.2129059000
0275 x 0275 x 0275	   10.6318	  78.4873810000	  80.2086792000
0276 x 0276 x 0276	   10.6704	  78.5080872000	  80.2185745000
0277 x 0277 x 0277	   10.7091	  78.4572067000	  80.2120743000
0278 x 0278 x 0278	   10.7478	  78.5119171000	  80.2137222000
0279 x 0279 x 0279	   10.7864	  78.4200668000	  80.2130661000
0280 x 0280 x 0280	   10.8251	  78.3629684000	  80.2203369000
0281 x 0281 x 0281	   10.8637	  78.4101334000	  80.2168045000
0282 x 0282 x 0282	   10.9024	  78.5670471000	  80.2181091000
0283 x 0283 x 0283	   10.9411	  78.4330444000	  80.2089996000
0284 x 0284 x 0284	   10.9797	  78.5581131000	  80.2230148000
0285 x 0285 x 0285	   11.0184	  78.5259247000	  80.2195206000
0286 x 0286 x 0286	   11.0571	  78.5455704000	  80.2061920000
0287 x 0287 x 0287	   11.0957	  78.3888245000	  80.2083588000
0288 x 0288 x 0288	   11.1344	  78.4268417000	  80.2075958000
0289 x 0289 x 0289	   11.1730	  78.4477386000	  80.2116547000
0290 x 0290 x 0290	   11.2117	  78.5376663000	  80.2077560000
0291 x 0291 x 0291	   11.2504	  78.5287628000	  80.2093124000
0292 x 0292 x 0292	   11.2890	  78.4987564000	  80.2109528000
0293 x 0293 x 0293	   11.3277	  78.3990479000	  80.2159195000
0294 x 0294 x 0294	   11.3663	  78.6040573000	  80.2075348000
0295 x 0295 x 0295	   11.4050	  78.5619583000	  80.2092514000
0296 x 0296 x 0296	   11.4437	  78.5247116000	  80.1972504000
0297 x 0297 x 0297	   11.4823	  78.4875641000	  80.2164841000
0298 x 0298 x 0298	   11.5210	  78.4908676000	  80.2126923000
0299 x 0299 x 0299	   11.5596	  78.4009018000	  80.2052765000
0300 x 0300 x 0300	   11.5983	  78.3691254000	  80.2191544000
0301 x 0301 x 0301	   11.6370	  78.5278091000	  80.2162781000
0302 x 0302 x 0302	   11.6756	  78.5338516000	  80.2131653000
0303 x 0303 x 0303	   11.7143	  78.4766998000	  80.2107468000
0304 x 0304 x 0304	   11.7530	  78.5277863000	  80.2193604000
0305 x 0305 x 0305	   11.7916	  78.4939575000	  80.2085571000
0306 x 0306 x 0306	   11.8303	  78.4948120000	  80.2169266000
0307 x 0307 x 0307	   11.8689	  78.4653091000	  80.2091141000
0308 x 0308 x 0308	   11.9076	  78.5423737000	  80.2088242000
0309 x 0309 x 0309	   11.9463	  78.5279541000	  80.2093124000
0310 x 0310 x 0310	   11.9849	  78.5594254000	  80.2171097000
0311 x 0311 x 0311	   12.0236	  78.5061264000	  80.2155685000
0312 x 0312 x 0312	   12.0622	  78.6494980000	  80.2368317000
0313 x 0313 x 0313	   12.1009	  78.5139160000	  80.2149963000
0314 x 0314 x 0314	   12.1396	  78.5641403000	  80.2157822000
0315 x 0315 x 0315	   12.1782	  78.5388565000	  80.2121048000
0316 x 0316 x 0316	   12.2169	  78.4733505000	  80.2054214000
0317 x 0317 x 0317	   12.2555	  78.4710312000	  80.2173004000
0318 x 0318 x 0318	   12.2942	  78.5360489000	  80.2194214000
0319 x 0319 x 0319	   12.3329	  78.4884109000	  80.2159882000
0320 x 0320 x 0320	   12.3715	  78.4575500000	  80.2028275000
0321 x 0321 x 0321	   12.4102	  78.5162506000	  80.2101669000
0322 x 0322 x 0322	   12.4489	  78.6206131000	  80.2037277000
0323 x 0323 x 0323	   12.4875	  78.4422913000	  80.2082291000
0324 x 0324 x 0324	   12.5262	  78.5541382000	  80.2229996000
0325 x 0325 x 0325	   12.5648	  78.5812683000	  80.2096405000
0326 x 0326 x 0326	   12.6035	  78.5162048000	  80.2137604000
0327 x 0327 x 0327	   12.6422	  78.5906219000	  80.2154160000
0328 x 0328 x 0328	   12.6808	  78.5814362000	  80.2027206000
0329 x 0329 x 0329	   12.7195	  78.4461517000	  80.2060699000
0330 x 0330 x 0330	   12.7581	  78.5890427000	  80.2116394000
0331 x 0331 x 0331	   12.7968	  78.5400391000	  80.2100601000
0332 x 0332 x 0332	   12.8355	  78.5838089000	  80.2091522000
0333 x 0333 x 0333	   12.8741	  78.5112534000	  80.2129669000
0334 x 0334 x 0334	   12.9128	  78.4914856000	  80.2106018000
0335 x 0335 x 0335	   12.9514	  78.5144730000	  80.2134094000
0336 x 0336 x 0336	   12.9901	  78.4995728000	  80.2064362000
0337 x 0337 x 0337	   13.0288	  78.5322266000	  80.2094498000
0338 x 0338 x 0338	   13.0674	  78.6231613000	  80.2230835000
0339 x 0339 x 0339	   13.1061	  78.5014801000	  80.2118149000
0340 x 0340 x 0340	   13.1447	  78.5206223000	  80.2055359000
0341 x 0341 x 0341	   13.1834	  78.6015701000	  80.2125702000
0342 x 0342 x 0342	   13.2221	  78.5779648000	  80.2135925000
0343 x 0343 x 0343	   13.2607	  78.5066986000	  80.2111130000
0344 x 0344 x 0344	   13.2994	  78.6017075000	  80.2279587000
0345 x 0345 x 0345	   13.3381	  78.5125122000	  80.2137375000
0346 x 0346 x 0346	   13.3767	  78.5228119000	  80.2144012000
0347 x 0347 x 0347	   13.4154	  78.5468369000	  80.2115707000
0348 x 0348 x 0348	   13.4540	  78.5553741000	  80.2047958000
0349 x 0349 x 0349	   13.4927	  78.5458679000	  80.2165070000
0350 x 0350 x 0350	   13.5314	  78.5203323000	  80.2191467000
0351 x 0351 x 0351	   13.5700	  78.5596542000	  80.2136612000
0352 x 0352 x 0352	   13.6087	  78.5686340000	  80.2200623000
0353 x 0353 x 0353	   13.6473	  78.5484314000	  80.2110825000
0354 x 0354 x 0354	   13.6860	  78.6483459000	  80.2075043000
0355 x 0355 x 0355	   13.7247	  78.5943604000	  80.2140045000
0356 x 0356 x 0356	   13.7633	  78.5478516000	  80.2227478000
0357 x 0357 x 0357	   13.8020	  78.5925751000	  80.2099228000
0358 x 0358 x 0358	   13.8406	  78.5984421000	  80.2109985000
0359 x 0359 x 0359	   13.8793	  78.5439377000	  80.2131577000
0360 x 0360 x 0360	   13.9180	  78.5825806000	  80.2090530000
0361 x 0361 x 0361	   13.9566	  78.5399704000	  80.2141876000
0362 x 0362 x 0362	   13.9953	  78.5730591000	  80.2080612000
0363 x 0363 x 0363	   14.0340	  78.5444946000	  80.2090988000
0364 x 0364 x 0364	   14.0726	  78.5869217000	  80.2243881000
0365 x 0365 x 0365	   14.1113	  78.5107498000	  80.2130966000
0366 x 0366 x 0366	   14.1499	  78.5298233000	  80.2162552000
0367 x 0367 x 0367	   14.1886	  78.5302811000	  80.2115173000
0368 x 0368 x 0368	   14.2273	  78.5988083000	  80.2091446000
0369 x 0369 x 0369	   14.2659	  78.5962372000	  80.2097778000
0370 x 0370 x 0370	   14.3046	  78.6292801000	  80.2122269000
0371 x 0371 x 0371	   14.3432	  78.6194305000	  80.2137833000
0372 x 0372 x 0372	   14.3819	  78.5909882000	  80.2149734000
0373 x 0373 x 0373	   14.4206	  78.6111984000	  80.2115784000
0374 x 0374 x 0374	   14.4592	  78.6344604000	  80.2125092000
0375 x 0375 x 0375	   14.4979	  78.5414658000	  80.2101669000
0377 x 0377 x 0377	   14.5752	  78.5730896000	  80.2151184000
0378 x 0378 x 0378	   14.6139	  78.6406708000	  80.2187958000
0379 x 0379 x 0379	   14.6525	  78.5732422000	  80.2095337000
0380 x 0380 x 0380	   14.6912	  78.5793152000	  80.2011108000
0381 x 0381 x 0381	   14.7299	  78.5634766000	  80.2135086000
0382 x 0382 x 0382	   14.7685	  78.6140442000	  80.2137222000
0383 x 0383 x 0383	   14.8072	  78.6072540000	  80.2132187000
0384 x 0384 x 0384	   14.8458	  78.6199112000	  80.2083282000
0385 x 0385 x 0385	   14.8845	  78.5525360000	  80.2087708000
0386 x 0386 x 0386	   14.9232	  78.5340576000	  80.2162552000
0387 x 0387 x 0387	   14.9618	  78.6044312000	  80.2165833000
0388 x 0388 x 0388	   15.0005	  78.6593857000	  80.2210922000
0389 x 0389 x 0389	   15.0391	  78.5769348000	  80.2096405000
0390 x 0390 x 0390	   15.0778	  78.6289673000	  80.2093735000
0391 x 0391 x 0391	   15.1165	  78.6390152000	  80.2129364000
0392 x 0392 x 0392	   15.1551	  78.6038208000	  80.2069397000
0393 x 0393 x 0393	   15.1938	  78.5775986000	  80.2116547000
0394 x 0394 x 0394	   15.2324	  78.6422958000	  80.2044220000
0395 x 0395 x 0395	   15.2711	  78.5146561000	  80.2116089000
0396 x 0396 x 0396	   15.3098	  78.5492325000	  80.2049713000
0397 x 0397 x 0397	   15.3484	  78.6283188000	  80.2129440000
0398 x 0398 x 0398	   15.3871	  78.6462173000	  80.2203827000
0399 x 0399 x 0399	   15.4258	  78.6463928000	  80.2121124000
0400 x 0400 x 0400	   15.4644	  78.6553726000	  80.2202759000
0401 x 0401 x 0401	   15.5031	  78.6312256000	  80.2070389000
0402 x 0402 x 0402	   15.5417	  78.5921402000	  80.2025757000
0403 x 0403 x 0403	   15.5804	  78.5965881000	  80.2143784000
0404 x 0404 x 0404	   15.6191	  78.6495132000	  80.2134018000
0405 x 0405 x 0405	   15.6577	  78.5909500000	  80.2113495000
0406 x 0406 x 0406	   15.6964	  78.6019135000	  80.2098846000
0407 x 0407 x 0407	   15.7350	  78.6203308000	  80.2120438000
0408 x 0408 x 0408	   15.7737	  78.6048508000	  80.2061234000
0409 x 0409 x 0409	   15.8124	  78.5687714000	  80.2118149000
0410 x 0410 x 0410	   15.8510	  78.5865555000	  80.2148438000
0411 x 0411 x 0411	   15.8897	  78.6059799000	  80.2126236000
0412 x 0412 x 0412	   15.9283	  78.6462631000	  80.2165833000
0413 x 0413 x 0413	   15.9670	  78.6143570000	  80.2133636000
0414 x 0414 x 0414	   16.0057	  78.5905304000	  80.2007828000
0415 x 0415 x 0415	   16.0443	  78.6004639000	  80.2122269000
0416 x 0416 x 0416	   16.0830	  78.6379623000	  80.2093277000
0417 x 0417 x 0417	   16.1216	  78.6878738000	  80.2125778000
0418 x 0418 x 0418	   16.1603	  78.6407852000	  80.2153015000
0419 x 0419 x 0419	   16.1990	  78.6082077000	  80.2089005000
0420 x 0420 x 0420	   16.2376	  78.6587982000	  80.2123337000
0421 x 0421 x 0421	   16.2763	  78.5991211000	  80.2132645000
0422 x 0422 x 0422	   16.3150	  78.6048660000	  80.2105179000
0423 x 0423 x 0423	   16.3536	  78.5836182000	  80.2092590000
0424 x 0424 x 0424	   16.3923	  78.5811768000	  80.2111816000
0425 x 0425 x 0425	   16.4309	  78.5666122000	  80.2103348000
0426 x 0426 x 0426	   16.4696	  78.6480331000	  80.2054062000
0427 x 0427 x 0427	   16.5083	  78.6381226000	  80.2116623000
0428 x 0428 x 0428	   16.5469	  78.6376877000	  80.2068329000
0429 x 0429 x 0429	   16.5856	  78.6267090000	  80.2116241000
0430 x 0430 x 0430	   16.6242	  78.6499329000	  80.2226410000
0431 x 0431 x 0431	   16.6629	  78.5706482000	  80.2100601000
0432 x 0432 x 0432	   16.7016	  78.6307602000	  80.2100449000
0433 x 0433 x 0433	   16.7402	  78.6224136000	  80.2143555000
0434 x 0434 x 0434	   16.7789	  78.6389465000	  80.2187958000
0435 x 0435 x 0435	   16.8175	  78.6151733000	  80.2123489000
0436 x 0436 x 0436	   16.8562	  78.6700287000	  80.2117767000
0437 x 0437 x 0437	   16.8949	  78.6455765000	  80.2117615000
0438 x 0438 x 0438	   16.9335	  78.5774918000	  80.2124023000
0439 x 0439 x 0439	   16.9722	  78.6432724000	  80.2114792000
0440 x 0440 x 0440	   17.0109	  78.6703720000	  80.2061234000
0441 x 0441 x 0441	   17.0495	  78.5808258000	  80.2143478000
0442 x 0442 x 0442	   17.0882	  78.6377029000	  80.2146988000
0443 x 0443 x 0443	   17.1268	  78.6417465000	  80.2112350000
0444 x 0444 x 0444	   17.1655	  78.6005173000	  80.2096481000
0445 x 0445 x 0445	   17.2042	  78.6735916000	  80.2108307000
0446 x 0446 x 0446	   17.2428	  78.6845474000	  80.2093964000
0447 x 0447 x 0447	   17.2815	  78.6592560000	  80.2138290000
0448 x 0448 x 0448	   17.3201	  78.5964355000	  80.2110672000
0449 x 0449 x 0449	   17.3588	  78.6101074000	  80.2121964000
0450 x 0450 x 0450	   17.3975	  78.6568527000	  80.2188950000
0451 x 0451 x 0451	   17.4361	  78.6073456000	  80.2134247000
0452 x 0452 x 0452	   17.4748	  78.6303864000	  80.2089462000
0453 x 0453 x 0453	   17.5134	  78.6472702000	  80.2117462000
0454 x 0454 x 0454	   17.5521	  78.6194000000	  80.2075424000
0455 x 0455 x 0455	   17.5908	  78.5954742000	  80.2120590000
0456 x 0456 x 0456	   17.6294	  78.6718292000	  80.2193298000
0457 x 0457 x 0457	   17.6681	  78.6403427000	  80.2110977000
0458 x 0458 x 0458	   17.7068	  78.6620483000	  80.2064133000
0459 x 0459 x 0459	   17.7454	  78.6587982000	  80.2110291000
0460 x 0460 x 0460	   17.7841	  78.6603241000	  80.2091522000
0461 x 0461 x 0461	   17.8227	  78.6061935000	  80.2094421000
0462 x 0462 x 0462	   17.8614	  78.6928329000	  80.2165756000
0463 x 0463 x 0463	   17.9001	  78.6894836000	  80.2133789000
0464 x 0464 x 0464	   17.9387	  78.6345749000	  80.2141876000
0465 x 0465 x 0465	   17.9774	  78.6252518000	  80.2125778000
0466 x 0466 x 0466	   18.0160	  78.6756744000	  80.2057877000
0467 x 0467 x 0467	   18.0547	  78.6250534000	  80.2129974000
0468 x 0468 x 0468	   18.0934	  78.6500626000	  80.2168198000
0469 x 0469 x 0469	   18.1320	  78.6459427000	  80.2133713000
0470 x 0470 x 0470	   18.1707	  78.6635590000	  80.2158508000
0471 x 0471 x 0471	   18.2093	  78.6317596000	  80.2114639000
0472 x 0472 x 0472	   18.2480	  78.6391068000	  80.2111053000
0473 x 0473 x 0473	   18.2867	  78.6414185000	  80.2139893000
0474 x 0474 x 0474	   18.3253	  78.6346512000	  80.2113876000
0475 x 0475 x 0475	   18.3640	  78.6518250000	  80.2114487000
0476 x 0476 x 0476	   18.4026	  78.6816254000	  80.2154617000
0477 x 0477 x 0477	   18.4413	  78.6280212000	  80.2108078000
0478 x 0478 x 0478	   18.4800	  78.6693497000	  80.2044678000
0479 x 0479 x 0479	   18.5186	  78.6582718000	  80.2106628000
0480 x 0480 x 0480	   18.5573	  78.6916046000	  80.2119217000
0481 x 0481 x 0481	   18.5960	  78.6392288000	  80.2090912000
0482 x 0482 x 0482	   18.6346	  78.6579971000	  80.2193527000
0483 x 0483 x 0483	   18.6733	  78.6763763000	  80.2128067000
0484 x 0484 x 0484	   18.7119	  78.6394501000	  80.2190399000
0485 x 0485 x 0485	   18.7506	  78.6772690000	  80.2122726000
0486 x 0486 x 0486	   18.7893	  78.6615982000	  80.2153625000
0487 x 0487 x 0487	   18.8279	  78.6515884000	  80.2093735000
0488 x 0488 x 0488	   18.8666	  78.6600266000	  80.2065887000
0489 x 0489 x 0489	   18.9052	  78.6745758000	  80.2098007000
0490 x 0490 x 0490	   18.9439	  78.6920166000	  80.2111282000
0491 x 0491 x 0491	   18.9826	  78.6384048000	  80.2097092000
0492 x 0492 x 0492	   19.0212	  78.6869659000	  80.2115479000
0493 x 0493 x 0493	   19.0599	  78.6685257000	  80.2129593000
0494 x 0494 x 0494	   19.0985	  78.6884766000	  80.2112427000
0495 x 0495 x 0495	   19.1372	  78.6444931000	  80.2112274000
0496 x 0496 x 0496	   19.1759	  78.6672592000	  80.2175598000
0497 x 0497 x 0497	   19.2145	  78.6501999000	  80.2135315000
0498 x 0498 x 0498	   19.2532	  78.6457672000	  80.2096100000
0499 x 0499 x 0499	   19.2919	  78.6505356000	  80.2109909000
0500 x 0500 x 0500	   19.3305	  78.7043762000	  80.2072830000
0501 x 0501 x 0501	   19.3692	  78.6421204000	  80.2128754000
0502 x 0502 x 0502	   19.4078	  78.6836243000	  80.2091980000
0503 x 0503 x 0503	   19.4465	  78.6337891000	  80.2133636000
0504 x 0504 x 0504	   19.4852	  78.7017517000	  80.2161102000
0505 x 0505 x 0505	   19.5238	  78.6644287000	  80.2127686000
0506 x 0506 x 0506	   19.5625	  78.7180557000	  80.2110748000
0507 x 0507 x 0507	   19.6011	  78.6354446000	  80.2116470000
0508 x 0508 x 0508	   19.6398	  78.6760406000	  80.2103195000
0509 x 0509 x 0509	   19.6785	  78.6779327000	  80.2109985000
0510 x 0510 x 0510	   19.7171	  78.6405258000	  80.2096100000
0511 x 0511 x 0511	   19.7558	  78.6556931000	  80.2115707000
0512 x 0512 x 0512	   19.7944	  78.6875381000	  80.2102585000
0513 x 0513 x 0513	   19.8331	  78.6949921000	  80.2136688000
0514 x 0514 x 0514	   19.8718	  78.6751709000	  80.2079163000
0515 x 0515 x 0515	   19.9104	  78.6818695000	  80.2114716000
0516 x 0516 x 0516	   19.9491	  78.7084198000	  80.2168961000
0517 x 0517 x 0517	   19.9878	  78.6413574000	  80.2110214000
0518 x 0518 x 0518	   20.0264	  78.6559296000	  80.2157440000
0519 x 0519 x 0519	   20.0651	  78.6704712000	  80.2123108000
0520 x 0520 x 0520	   20.1037	  78.6651306000	  80.2079468000
0521 x 0521 x 0521	   20.1424	  78.6716995000	  80.2117310000
0523 x 0523 x 0523	   20.2197	  78.6516037000	  80.2094955000
0524 x 0524 x 0524	   20.2584	  78.6708221000	  80.2117004000
0525 x 0525 x 0525	   20.2970	  78.6812973000	  80.2094421000
0526 x 0526 x 0526	   20.3357	  78.6892471000	  80.2108078000
0527 x 0527 x 0527	   20.3744	  78.6562958000	  80.2125549000
0528 x 0528 x 0528	   20.4130	  78.6886826000	  80.2119293000
0529 x 0529 x 0529	   20.4517	  78.7008438000	  80.2117310000
0531 x 0531 x 0531	   20.5290	  78.6749802000	  80.2113800000
0532 x 0532 x 0532	   20.5677	  78.7116165000	  80.2098007000
0533 x 0533 x 0533	   20.6063	  78.6548462000	  80.2126770000
0534 x 0534 x 0534	   20.6450	  78.6601868000	  80.2139587000
0535 x 0535 x 0535	   20.6837	  78.6885757000	  80.2115250000
0537 x 0537 x 0537	   20.7610	  78.6473999000	  80.2109985000
0538 x 0538 x 0538	   20.7996	  78.7007065000	  80.2150040000
0541 x 0541 x 0541	   20.9156	  78.6865540000	  80.2110062000
0542 x 0542 x 0542	   20.9543	  78.7145767000	  80.2135391000
0549 x 0549 x 0549	   21.2249	  78.6674042000	  80.2129822000
0550 x 0550 x 0550	   21.2636	  78.7018509000	  80.2125244000
0551 x 0551 x 0551	   21.3022	  78.6865158000	  80.2108078000
