 Starting points   (recommended: >= 100)   :          200
 Monte-Carlo steps (recommended: >= 10000) :        50000
  
  
 Pore size distribution for DUT-8(Ni) closed, vc     
  
   Pore size   Distribution [%]   coordinate (cartesian)                 coordinate (fractional)
    1.512970   12.50               0.013643    3.978925    3.391182      0.258395    0.548326    0.278716
    2.395531   13.50               2.317757    4.910529    3.555050      0.637601    0.662152    0.288015
    2.148261    5.50               1.456090    4.677299    3.864916      0.513034    0.637664    0.315587
    0.509824   10.00               5.782122    1.876778    2.123579      0.997663    0.239126    0.168276
    0.850079   17.00               1.288544   -0.231472    7.066662      0.437659    0.021548    0.593684
    0.357747    5.50               1.952533    1.745665    7.156917      0.606174    0.278412    0.597083
    1.171576    5.50               0.344875    5.855587    4.595105      0.414223    0.802410    0.376463
    1.289649    5.00              -0.675095    4.587595    1.794807      0.119313    0.617939    0.144159
    0.582944    8.00               3.003651    1.902245    2.424689      0.597123    0.256319    0.197096
    0.989593    8.00               2.926653    0.925003    7.451290      0.733588    0.169340    0.622028
  
 Total time    503.20400000000001       s
