Grid		 	    Points/A	  Phi_acc	 Phi_void
0003 x 0003 x 0001	    0.1608	  22.2222233000	  77.7777786000
0005 x 0005 x 0002	    0.2679	  22.0000000000	  68.0000000000
0007 x 0007 x 0003	    0.3751	  20.4081631000	  69.3877563000
0009 x 0009 x 0004	    0.4823	  40.7407417000	  69.7530899000
0011 x 0011 x 0005	    0.5895	  37.5206604000	  69.5867767000
0013 x 0013 x 0006	    0.6966	  47.4358978000	  69.3293839000
0015 x 0015 x 0007	    0.8038	  42.7936478000	  69.9047623000
0017 x 0017 x 0008	    0.9110	  43.1228371000	  69.1609039000
0019 x 0019 x 0009	    1.0182	  42.9978447000	  70.2062225000
0021 x 0021 x 0010	    1.1253	  47.1882057000	  69.8866196000
0023 x 0023 x 0011	    1.2325	  47.5339432000	  69.9776611000
0025 x 0025 x 0012	    1.3397	  48.7199974000	  70.0400009000
0027 x 0027 x 0013	    1.4468	  49.0872650000	  70.0327072000
0029 x 0029 x 0014	    1.5540	  49.2525902000	  69.8827896000
0031 x 0031 x 0015	    1.6612	  49.9757195000	  69.9757233000
0033 x 0033 x 0016	    1.7684	  50.3615685000	  69.9150620000
0035 x 0035 x 0017	    1.8755	  49.1668663000	  69.7671051000
0037 x 0037 x 0018	    1.9827	  50.9009018000	  69.9577942000
0039 x 0039 x 0019	    2.0899	  50.5415421000	  69.9228363000
0041 x 0041 x 0020	    2.1971	  50.6960144000	  69.9464645000
0043 x 0043 x 0021	    2.3042	  50.9850845000	  69.8575821000
0045 x 0045 x 0022	    2.4114	  51.4096489000	  69.8832779000
0047 x 0047 x 0023	    2.5186	  51.5145531000	  69.8584824000
0049 x 0049 x 0024	    2.6258	  51.0412331000	  70.0194397000
0051 x 0051 x 0025	    2.7329	  51.9384842000	  69.9561691000
0053 x 0053 x 0026	    2.8401	  51.6102066000	  69.9016876000
0055 x 0055 x 0027	    2.9473	  51.9840851000	  69.9222488000
0058 x 0057 x 0028	    3.1080	  51.9315529000	  69.9150925000
0060 x 0059 x 0029	    3.2152	  51.2809296000	  69.9590836000
0062 x 0061 x 0030	    3.3224	  52.6017952000	  69.9383011000
0064 x 0063 x 0031	    3.4296	  52.0777359000	  69.8780746000
0066 x 0065 x 0032	    3.5367	  52.3375587000	  69.9271545000
0068 x 0067 x 0033	    3.6439	  51.8650055000	  69.9118042000
0070 x 0069 x 0034	    3.7511	  52.6007767000	  69.8976974000
0072 x 0071 x 0035	    3.8583	  52.1573906000	  69.9144821000
0074 x 0073 x 0036	    3.9654	  52.4738770000	  69.9211197000
0076 x 0075 x 0037	    4.0726	  52.1844444000	  69.9122772000
0078 x 0077 x 0038	    4.1798	  52.5632248000	  69.8985214000
0080 x 0079 x 0039	    4.2870	  52.6115723000	  69.9204788000
0082 x 0081 x 0040	    4.3941	  52.4058990000	  69.9028931000
0084 x 0083 x 0041	    4.5013	  52.8175430000	  69.9246445000
0086 x 0085 x 0042	    4.6085	  52.2112541000	  69.9140167000
0088 x 0087 x 0043	    4.7157	  52.6743011000	  69.9129410000
0090 x 0089 x 0044	    4.8228	  52.2625160000	  69.9310532000
0092 x 0091 x 0045	    4.9300	  52.7422066000	  69.9110794000
0094 x 0093 x 0046	    5.0372	  52.8217087000	  69.8972015000
0096 x 0095 x 0047	    5.1444	  52.8658104000	  69.9232483000
0098 x 0097 x 0048	    5.2515	  52.8341751000	  69.9148331000
0100 x 0099 x 0049	    5.3587	  52.9925766000	  69.8940430000
0102 x 0101 x 0050	    5.4659	  53.0194168000	  69.9134140000
0104 x 0103 x 0051	    5.5731	  52.4465866000	  69.9027328000
0106 x 0105 x 0052	    5.6802	  53.0890160000	  69.8958130000
0108 x 0107 x 0053	    5.7874	  52.9750099000	  69.9269180000
0110 x 0109 x 0054	    5.8946	  53.0588760000	  69.9433136000
0113 x 0111 x 0055	    6.0553	  53.0032692000	  69.9207840000
0115 x 0113 x 0056	    6.1625	  53.0122871000	  69.9121857000
0117 x 0115 x 0057	    6.2697	  53.1162376000	  69.9203949000
0119 x 0117 x 0058	    6.3769	  53.1472397000	  69.9213943000
0121 x 0119 x 0059	    6.4840	  53.0586548000	  69.9124603000
0123 x 0121 x 0060	    6.5912	  53.1264954000	  69.9117508000
0125 x 0123 x 0061	    6.6984	  53.1088905000	  69.9069672000
0127 x 0125 x 0062	    6.8056	  53.1056099000	  69.9116058000
0129 x 0127 x 0063	    6.9127	  53.1417084000	  69.9125748000
0131 x 0129 x 0064	    7.0199	  53.1395149000	  69.9150085000
0133 x 0131 x 0065	    7.1271	  53.1808090000	  69.9180984000
0135 x 0133 x 0066	    7.2342	  53.1717377000	  69.9160309000
0137 x 0135 x 0067	    7.3414	  53.2811241000	  69.9118347000
0139 x 0137 x 0068	    7.4486	  53.1739311000	  69.9193954000
0141 x 0139 x 0069	    7.5558	  53.2480583000	  69.9191284000
0143 x 0141 x 0070	    7.6629	  53.2155800000	  69.9168243000
0145 x 0143 x 0071	    7.7701	  53.2407951000	  69.9175034000
0147 x 0145 x 0072	    7.8773	  53.1839180000	  69.9200516000
0149 x 0147 x 0073	    7.9845	  53.2825584000	  69.9154816000
0151 x 0149 x 0074	    8.0916	  53.2781677000	  69.9116364000
0153 x 0151 x 0075	    8.1988	  53.2533989000	  69.9125977000
0155 x 0153 x 0076	    8.3060	  53.2642021000	  69.9137802000
0157 x 0155 x 0077	    8.4132	  53.3556747000	  69.9125595000
0159 x 0157 x 0078	    8.5203	  53.2935905000	  69.9098740000
0161 x 0159 x 0079	    8.6275	  53.3614082000	  69.9112091000
0163 x 0161 x 0080	    8.7347	  53.3339844000	  69.9161682000
0165 x 0163 x 0081	    8.8419	  53.3336983000	  69.9191360000
0167 x 0165 x 0082	    8.9490	  53.3917542000	  69.9163055000
0170 x 0167 x 0083	    9.1098	  53.2805138000	  69.9219589000
0172 x 0169 x 0084	    9.2170	  53.3606339000	  69.9127884000
0174 x 0171 x 0085	    9.3241	  53.3723183000	  69.9092941000
0176 x 0173 x 0086	    9.4313	  53.3636818000	  69.9135513000
0178 x 0175 x 0087	    9.5385	  53.3729630000	  69.9215546000
0180 x 0177 x 0088	    9.6457	  53.3508835000	  69.9137955000
0182 x 0179 x 0089	    9.7528	  53.3878555000	  69.9190063000
0184 x 0181 x 0090	    9.8600	  53.4013939000	  69.9106903000
0186 x 0183 x 0091	    9.9672	  53.4299431000	  69.9105835000
0188 x 0185 x 0092	   10.0744	  53.4273224000	  69.9147110000
0190 x 0187 x 0093	   10.1815	  53.3808479000	  69.9147491000
0192 x 0189 x 0094	   10.2887	  53.4458084000	  69.9145050000
0194 x 0192 x 0095	   10.3959	  53.3980179000	  69.9180450000
0196 x 0194 x 0096	   10.5031	  53.4168663000	  69.9130554000
0198 x 0196 x 0097	   10.6102	  53.4247398000	  69.9158630000
0200 x 0198 x 0098	   10.7174	  53.4355049000	  69.9197845000
0202 x 0200 x 0099	   10.8246	  53.4649506000	  69.9126663000
0204 x 0202 x 0100	   10.9318	  53.4757538000	  69.9113998000
0206 x 0204 x 0101	   11.0389	  53.4616470000	  69.9137726000
0208 x 0206 x 0102	   11.1461	  53.4761505000	  69.9146729000
0210 x 0208 x 0103	   11.2533	  53.4598274000	  69.9177780000
0212 x 0210 x 0104	   11.3605	  53.4885597000	  69.9173203000
0214 x 0212 x 0105	   11.4676	  53.4921570000	  69.9181061000
0216 x 0214 x 0106	   11.5748	  53.4717140000	  69.9149399000
0218 x 0216 x 0107	   11.6820	  53.4920692000	  69.9139175000
0220 x 0218 x 0108	   11.7891	  53.4938278000	  69.9166031000
0222 x 0220 x 0109	   11.8963	  53.4867477000	  69.9136047000
0225 x 0222 x 0110	   12.0571	  53.4851532000	  69.9142609000
0227 x 0224 x 0111	   12.1643	  53.5138321000	  69.9138107000
0229 x 0226 x 0112	   12.2714	  53.5140343000	  69.9149551000
0231 x 0228 x 0113	   12.3786	  53.4955139000	  69.9143982000
0233 x 0230 x 0114	   12.4858	  53.5246849000	  69.9153748000
0235 x 0232 x 0115	   12.5930	  53.5200005000	  69.9167633000
0237 x 0234 x 0116	   12.7001	  53.5318451000	  69.9146805000
0239 x 0236 x 0117	   12.8073	  53.4941597000	  69.9147186000
0241 x 0238 x 0118	   12.9145	  53.5321121000	  69.9170914000
0243 x 0240 x 0119	   13.0216	  53.5313721000	  69.9152451000
0245 x 0242 x 0120	   13.1288	  53.5658073000	  69.9135590000
0247 x 0244 x 0121	   13.2360	  53.5103798000	  69.9151001000
0249 x 0246 x 0122	   13.3432	  53.5363083000	  69.9143753000
0251 x 0248 x 0123	   13.4503	  53.5143967000	  69.9139557000
0253 x 0250 x 0124	   13.5575	  53.5723991000	  69.9157562000
0255 x 0252 x 0125	   13.6647	  53.5351868000	  69.9155350000
0257 x 0254 x 0126	   13.7719	  53.5389061000	  69.9135132000
0259 x 0256 x 0127	   13.8790	  53.5335236000	  69.9151611000
0261 x 0258 x 0128	   13.9862	  53.5244522000	  69.9150238000
0263 x 0260 x 0129	   14.0934	  53.5444794000	  69.9160538000
0265 x 0262 x 0130	   14.2006	  53.5443115000	  69.9163971000
0267 x 0264 x 0131	   14.3077	  53.5354500000	  69.9155579000
0269 x 0266 x 0132	   14.4149	  53.5583038000	  69.9158859000
0271 x 0268 x 0133	   14.5221	  53.5864487000	  69.9164124000
0273 x 0270 x 0134	   14.6293	  53.5632896000	  69.9165726000
0275 x 0272 x 0135	   14.7364	  53.5631294000	  69.9150620000
0277 x 0274 x 0136	   14.8436	  53.5852852000	  69.9146271000
0279 x 0276 x 0137	   14.9508	  53.5833778000	  69.9147415000
0282 x 0278 x 0138	   15.1115	  53.5945587000	  69.9151306000
0284 x 0280 x 0139	   15.2187	  53.5721245000	  69.9119492000
0286 x 0282 x 0140	   15.3259	  53.5756454000	  69.9166718000
0288 x 0284 x 0141	   15.4331	  53.6013794000	  69.9140701000
0290 x 0286 x 0142	   15.5402	  53.5859451000	  69.9170074000
0292 x 0288 x 0143	   15.6474	  53.5834312000	  69.9153976000
0294 x 0290 x 0144	   15.7546	  53.5777092000	  69.9156113000
0296 x 0292 x 0145	   15.8618	  53.6017418000	  69.9146652000
0298 x 0294 x 0146	   15.9689	  53.6067543000	  69.9158630000
0300 x 0296 x 0147	   16.0761	  53.5696144000	  69.9154587000
0302 x 0298 x 0148	   16.1833	  53.5854568000	  69.9160309000
0304 x 0300 x 0149	   16.2905	  53.6220474000	  69.9130020000
0306 x 0302 x 0150	   16.3976	  53.6052475000	  69.9133377000
0308 x 0304 x 0151	   16.5048	  53.6238136000	  69.9135284000
0310 x 0306 x 0152	   16.6120	  53.5936165000	  69.9167175000
0312 x 0308 x 0153	   16.7192	  53.6156731000	  69.9161301000
0314 x 0310 x 0154	   16.8263	  53.6032982000	  69.9138260000
0316 x 0312 x 0155	   16.9335	  53.6404419000	  69.9162674000
0318 x 0314 x 0156	   17.0407	  53.6096649000	  69.9142838000
0320 x 0316 x 0157	   17.1479	  53.6173630000	  69.9155426000
0322 x 0318 x 0158	   17.2550	  53.6314240000	  69.9153595000
0324 x 0320 x 0159	   17.3622	  53.6209450000	  69.9158554000
0326 x 0322 x 0160	   17.4694	  53.6240807000	  69.9149094000
0328 x 0324 x 0161	   17.5765	  53.6074333000	  69.9163818000
0330 x 0326 x 0162	   17.6837	  53.6292953000	  69.9161301000
0332 x 0328 x 0163	   17.7909	  53.6355362000	  69.9158936000
0334 x 0330 x 0164	   17.8981	  53.6395798000	  69.9141388000
0337 x 0332 x 0165	   18.0588	  53.6250648000	  69.9147263000
0339 x 0334 x 0166	   18.1660	  53.6381836000	  69.9161606000
0341 x 0336 x 0167	   18.2732	  53.6382751000	  69.9159775000
0343 x 0338 x 0168	   18.3804	  53.6433105000	  69.9153366000
0345 x 0340 x 0169	   18.4875	  53.6354904000	  69.9158783000
0347 x 0342 x 0170	   18.5947	  53.6388092000	  69.9148407000
0349 x 0344 x 0171	   18.7019	  53.6298332000	  69.9145279000
0351 x 0346 x 0172	   18.8090	  53.6422653000	  69.9165115000
0353 x 0348 x 0173	   18.9162	  53.6389236000	  69.9158401000
0355 x 0350 x 0174	   19.0234	  53.6325912000	  69.9157181000
0357 x 0352 x 0175	   19.1306	  53.6688576000	  69.9151001000
0359 x 0354 x 0176	   19.2377	  53.6511536000	  69.9147797000
0361 x 0356 x 0177	   19.3449	  53.6505280000	  69.9154587000
0363 x 0358 x 0178	   19.4521	  53.6380844000	  69.9161911000
0365 x 0360 x 0179	   19.5593	  53.6778145000	  69.9152985000
0367 x 0362 x 0180	   19.6664	  53.6555824000	  69.9143219000
0369 x 0364 x 0181	   19.7736	  53.6532516000	  69.9150009000
0371 x 0366 x 0182	   19.8808	  53.6479530000	  69.9146347000
0373 x 0368 x 0183	   19.9880	  53.6636543000	  69.9154053000
0375 x 0370 x 0184	   20.0951	  53.6714478000	  69.9141083000
0377 x 0372 x 0185	   20.2023	  53.6623955000	  69.9164963000
0379 x 0374 x 0186	   20.3095	  53.6427574000	  69.9156876000
0381 x 0376 x 0187	   20.4167	  53.6401939000	  69.9153900000
0383 x 0378 x 0188	   20.5238	  53.6616631000	  69.9158096000
0385 x 0380 x 0189	   20.6310	  53.6510010000	  69.9156723000
0387 x 0383 x 0190	   20.7382	  53.6708374000	  69.9149017000
0389 x 0385 x 0191	   20.8454	  53.6726646000	  69.9145050000
0391 x 0387 x 0192	   20.9525	  53.6632843000	  69.9152832000
0394 x 0389 x 0193	   21.1133	  53.6655426000	  69.9146194000
0396 x 0391 x 0194	   21.2205	  53.6662941000	  69.9154663000
0398 x 0393 x 0195	   21.3276	  53.6685600000	  69.9145279000
0400 x 0395 x 0196	   21.4348	  53.6774826000	  69.9161148000
0402 x 0397 x 0197	   21.5420	  53.6673470000	  69.9155960000
0404 x 0399 x 0198	   21.6492	  53.6764984000	  69.9157639000
0406 x 0401 x 0199	   21.7563	  53.6651192000	  69.9152298000
0408 x 0403 x 0200	   21.8635	  53.6859703000	  69.9156113000
0410 x 0405 x 0201	   21.9707	  53.6788292000	  69.9155960000
0412 x 0407 x 0202	   22.0779	  53.6850166000	  69.9161377000
0414 x 0409 x 0203	   22.1850	  53.6784401000	  69.9156799000
0416 x 0411 x 0204	   22.2922	  53.6926918000	  69.9146957000
0418 x 0413 x 0205	   22.3994	  53.6787682000	  69.9151001000
0420 x 0415 x 0206	   22.5066	  53.6951485000	  69.9161377000
0422 x 0417 x 0207	   22.6137	  53.6920624000	  69.9154053000
0424 x 0419 x 0208	   22.7209	  53.6973877000	  69.9150238000
0426 x 0421 x 0209	   22.8281	  53.6860352000	  69.9152298000
0428 x 0423 x 0210	   22.9353	  53.6899490000	  69.9148407000
0430 x 0425 x 0211	   23.0424	  53.6946831000	  69.9154892000
0432 x 0427 x 0212	   23.1496	  53.6854858000	  69.9152603000
0434 x 0429 x 0213	   23.2568	  53.6995239000	  69.9151382000
0436 x 0431 x 0214	   23.3639	  53.7018700000	  69.9152908000
0438 x 0433 x 0215	   23.4711	  53.6888046000	  69.9157257000
0440 x 0435 x 0216	   23.5783	  53.6940269000	  69.9155273000
0442 x 0437 x 0217	   23.6855	  53.6972885000	  69.9152832000
0444 x 0439 x 0218	   23.7926	  53.6998940000	  69.9147797000
0446 x 0441 x 0219	   23.8998	  53.7119789000	  69.9153519000
0449 x 0443 x 0220	   24.0606	  53.6890259000	  69.9151077000
0451 x 0445 x 0221	   24.1678	  53.6864815000	  69.9143982000
0453 x 0447 x 0222	   24.2749	  53.6980515000	  69.9144745000
0455 x 0449 x 0223	   24.3821	  53.7047882000	  69.9159164000
0457 x 0451 x 0224	   24.4893	  53.6969604000	  69.9154587000
0459 x 0453 x 0225	   24.5964	  53.6870308000	  69.9155807000
0461 x 0455 x 0226	   24.7036	  53.7011223000	  69.9151306000
0463 x 0457 x 0227	   24.8108	  53.7077713000	  69.9158936000
0465 x 0459 x 0228	   24.9180	  53.7093277000	  69.9151917000
0467 x 0461 x 0229	   25.0251	  53.6951523000	  69.9153137000
0469 x 0463 x 0230	   25.1323	  53.7133942000	  69.9152756000
0471 x 0465 x 0231	   25.2395	  53.7073975000	  69.9154053000
0473 x 0467 x 0232	   25.3467	  53.7063599000	  69.9153519000
0477 x 0471 x 0234	   25.5610	  53.6969490000	  69.9152374000
0483 x 0477 x 0237	   25.8825	  53.7124710000	  69.9151382000
