Grid		 	    Points/A	  Phi_acc	 Phi_void
0002 x 0002 x 0001	    0.1085	   0.0000000000	 100.0000000000
0004 x 0004 x 0002	    0.2170	  53.1250000000	  75.0000000000
0006 x 0006 x 0003	    0.3255	  37.9629631000	  69.4444427000
0008 x 0008 x 0004	    0.4341	  44.1406250000	  75.0000000000
0010 x 0010 x 0005	    0.5426	  39.0000000000	  70.4000015000
0012 x 0012 x 0006	    0.6511	  39.3518524000	  71.9907379000
0014 x 0014 x 0007	    0.7596	  37.9737625000	  69.6064148000
0016 x 0016 x 0008	    0.8681	  56.4453125000	  70.6054688000
0018 x 0018 x 0009	    0.9766	  54.5610428000	  70.5761337000
0020 x 0020 x 0010	    1.0851	  53.5000038000	  70.9000015000
0022 x 0022 x 0011	    1.1936	  60.7813644000	  70.5484543000
0024 x 0024 x 0012	    1.3022	  58.9265060000	  70.5873871000
0026 x 0026 x 0013	    1.4107	  57.4533463000	  70.5166168000
0028 x 0028 x 0014	    1.5192	  59.7849846000	  70.4537125000
0030 x 0030 x 0015	    1.6277	  58.3777771000	  70.5555573000
0032 x 0032 x 0016	    1.7362	  59.6740723000	  70.3491211000
0034 x 0034 x 0017	    1.8447	  58.5996323000	  70.4406662000
0036 x 0036 x 0018	    1.9532	  62.4485626000	  70.6189957000
0038 x 0038 x 0019	    2.0617	  63.4822845000	  70.4840393000
0040 x 0040 x 0020	    2.1703	  62.4468727000	  70.4781265000
0042 x 0042 x 0021	    2.2788	  61.6591110000	  70.4864502000
0044 x 0044 x 0022	    2.3873	  62.5117416000	  70.4991531000
0046 x 0046 x 0023	    2.4958	  61.5599556000	  70.5268326000
0048 x 0048 x 0024	    2.6043	  63.4313507000	  70.5060043000
0050 x 0050 x 0025	    2.7128	  63.7040024000	  70.5407944000
0052 x 0052 x 0026	    2.8213	  63.6748962000	  70.5407944000
0053 x 0053 x 0027	    2.8756	  63.1805191000	  70.5219955000
0055 x 0055 x 0028	    2.9841	  63.1157036000	  70.4687119000
0057 x 0057 x 0029	    3.0926	  63.8212280000	  70.4789810000
0059 x 0059 x 0030	    3.2011	  64.3703918000	  70.4912338000
0061 x 0061 x 0031	    3.3096	  63.5252419000	  70.5030746000
0063 x 0063 x 0032	    3.4182	  63.2786942000	  70.5042191000
0065 x 0065 x 0033	    3.5267	  64.3392487000	  70.5361328000
0067 x 0067 x 0034	    3.6352	  64.9797592000	  70.4611282000
0069 x 0069 x 0035	    3.7437	  64.9515381000	  70.4623871000
0071 x 0071 x 0036	    3.8522	  65.1683960000	  70.5046387000
0073 x 0073 x 0037	    3.9607	  64.8471146000	  70.5076294000
0075 x 0075 x 0038	    4.0692	  64.2236252000	  70.5052643000
0077 x 0077 x 0039	    4.1777	  65.0942154000	  70.4935760000
0079 x 0079 x 0040	    4.2863	  65.5079269000	  70.4846954000
0081 x 0081 x 0041	    4.3948	  65.2228088000	  70.4889603000
0083 x 0083 x 0042	    4.5033	  65.5503235000	  70.5033569000
0085 x 0085 x 0043	    4.6118	  65.4246368000	  70.4913483000
0087 x 0087 x 0044	    4.7203	  65.0145950000	  70.4842758000
0089 x 0089 x 0045	    4.8288	  65.3180695000	  70.4885712000
0091 x 0091 x 0046	    4.9373	  65.5066833000	  70.4711685000
0093 x 0093 x 0047	    5.0458	  65.5200577000	  70.4742661000
0095 x 0095 x 0048	    5.1544	  65.7079849000	  70.4958420000
0097 x 0097 x 0049	    5.2629	  65.2718506000	  70.5214920000
0099 x 0099 x 0050	    5.3714	  65.8361359000	  70.4813766000
0101 x 0101 x 0051	    5.4799	  65.7836304000	  70.4982758000
0103 x 0103 x 0052	    5.5884	  65.4730759000	  70.4958420000
0105 x 0105 x 0053	    5.6969	  65.7329407000	  70.5112762000
0106 x 0106 x 0054	    5.7512	  65.4274292000	  70.5032120000
0108 x 0108 x 0055	    5.8597	  65.6124496000	  70.4812012000
0110 x 0110 x 0056	    5.9682	  65.8783951000	  70.4911499000
0112 x 0112 x 0057	    6.0767	  65.9712906000	  70.4936142000
0114 x 0114 x 0058	    6.1852	  65.9084702000	  70.4934387000
0116 x 0116 x 0059	    6.2937	  65.7980118000	  70.4876175000
0118 x 0118 x 0060	    6.4023	  65.8274689000	  70.5103912000
0120 x 0120 x 0061	    6.5108	  65.7277985000	  70.4913483000
0122 x 0122 x 0062	    6.6193	  65.9296417000	  70.5003586000
0124 x 0124 x 0063	    6.7278	  66.0136185000	  70.4903946000
0126 x 0126 x 0064	    6.8363	  66.0647354000	  70.4935913000
0128 x 0128 x 0065	    6.9448	  66.0933762000	  70.4854660000
0130 x 0130 x 0066	    7.0533	  65.8577194000	  70.5028687000
0132 x 0132 x 0067	    7.1618	  65.8511887000	  70.4815292000
0134 x 0134 x 0068	    7.2704	  66.1180725000	  70.4827499000
0136 x 0136 x 0069	    7.3789	  66.1097870000	  70.4920120000
0138 x 0138 x 0070	    7.4874	  65.8672409000	  70.4902954000
0140 x 0140 x 0071	    7.5959	  66.1272659000	  70.4862061000
0142 x 0142 x 0072	    7.7044	  66.1176987000	  70.4893494000
0144 x 0144 x 0073	    7.8129	  66.0139771000	  70.4925842000
0146 x 0146 x 0074	    7.9214	  66.3456726000	  70.4928513000
0148 x 0148 x 0075	    8.0299	  66.0734100000	  70.4938507000
0150 x 0150 x 0076	    8.1385	  66.1106415000	  70.4937973000
0152 x 0152 x 0077	    8.2470	  66.0035782000	  70.4911957000
0154 x 0154 x 0078	    8.3555	  66.2106247000	  70.4957352000
0156 x 0156 x 0079	    8.4640	  66.2227249000	  70.4841080000
0158 x 0158 x 0080	    8.5725	  66.2495956000	  70.4867020000
0159 x 0159 x 0081	    8.6268	  66.3440704000	  70.4901581000
0161 x 0161 x 0082	    8.7353	  66.2290039000	  70.4955292000
0163 x 0163 x 0083	    8.8438	  66.0755997000	  70.4907455000
0165 x 0165 x 0084	    8.9523	  66.2778854000	  70.4965668000
0167 x 0167 x 0085	    9.0608	  66.3542175000	  70.4945831000
0169 x 0169 x 0086	    9.1693	  66.2101898000	  70.4946899000
0171 x 0171 x 0087	    9.2778	  66.2328568000	  70.4949036000
0173 x 0173 x 0088	    9.3864	  66.3768997000	  70.4864044000
0175 x 0175 x 0089	    9.4949	  66.3335953000	  70.4869843000
0177 x 0177 x 0090	    9.6034	  66.3339233000	  70.4930878000
0179 x 0179 x 0091	    9.7119	  66.2990875000	  70.4943314000
0181 x 0181 x 0092	    9.8204	  66.3685532000	  70.4935150000
0183 x 0183 x 0093	    9.9289	  66.3296585000	  70.4872131000
0185 x 0185 x 0094	   10.0374	  66.3339920000	  70.4937592000
0187 x 0187 x 0095	   10.1459	  66.3897552000	  70.5003052000
0189 x 0189 x 0096	   10.2545	  66.4222336000	  70.4992371000
0191 x 0191 x 0097	   10.3630	  66.4496460000	  70.4938354000
0193 x 0193 x 0098	   10.4715	  66.3563385000	  70.4939575000
0195 x 0195 x 0099	   10.5800	  66.3937988000	  70.4917145000
0197 x 0197 x 0100	   10.6885	  66.4506454000	  70.4916687000
0199 x 0199 x 0101	   10.7970	  66.3677368000	  70.4920502000
0201 x 0201 x 0102	   10.9055	  66.4959259000	  70.4931335000
0203 x 0203 x 0103	   11.0141	  66.5116043000	  70.4880142000
0205 x 0205 x 0104	   11.1226	  66.4273071000	  70.4900436000
0207 x 0207 x 0105	   11.2311	  66.4768982000	  70.4942169000
0209 x 0209 x 0106	   11.3396	  66.4901123000	  70.4958496000
0211 x 0211 x 0107	   11.4481	  66.4455109000	  70.4943161000
0212 x 0212 x 0108	   11.5024	  66.4740829000	  70.4912872000
0214 x 0214 x 0109	   11.6109	  66.5430908000	  70.4925919000
0216 x 0216 x 0110	   11.7194	  66.4970551000	  70.4927139000
0218 x 0218 x 0111	   11.8279	  66.5101013000	  70.4938278000
0220 x 0220 x 0112	   11.9364	  66.4975281000	  70.4940033000
0222 x 0222 x 0113	   12.0449	  66.4545822000	  70.4907684000
0224 x 0224 x 0114	   12.1534	  66.5328751000	  70.4936676000
0226 x 0226 x 0115	   12.2619	  66.4670868000	  70.4920731000
0228 x 0228 x 0116	   12.3705	  66.4743195000	  70.4930801000
0230 x 0230 x 0117	   12.4790	  66.4928513000	  70.4913177000
0232 x 0232 x 0118	   12.5875	  66.5365677000	  70.4932785000
0234 x 0234 x 0119	   12.6960	  66.5211487000	  70.4949417000
0236 x 0236 x 0120	   12.8045	  66.5713882000	  70.4873657000
0238 x 0238 x 0121	   12.9130	  66.4825287000	  70.4909592000
0240 x 0240 x 0122	   13.0215	  66.5439148000	  70.4961166000
0242 x 0242 x 0123	   13.1301	  66.5483093000	  70.4941483000
0244 x 0244 x 0124	   13.2386	  66.5805740000	  70.4938049000
0246 x 0246 x 0125	   13.3471	  66.4987488000	  70.4914780000
0248 x 0248 x 0126	   13.4556	  66.5699387000	  70.4941406000
0250 x 0250 x 0127	   13.5641	  66.5252914000	  70.4913025000
0252 x 0252 x 0128	   13.6726	  66.6226501000	  70.4928894000
0254 x 0254 x 0129	   13.7811	  66.5687180000	  70.4940109000
0256 x 0256 x 0130	   13.8896	  66.5795898000	  70.4882812000
0258 x 0258 x 0131	   13.9982	  66.6035843000	  70.4922104000
0260 x 0260 x 0132	   14.1067	  66.5995636000	  70.4946442000
0262 x 0262 x 0133	   14.2152	  66.6036148000	  70.4917297000
0263 x 0263 x 0134	   14.2694	  66.6441574000	  70.4914932000
0265 x 0265 x 0135	   14.3780	  66.6322861000	  70.4917526000
0267 x 0267 x 0136	   14.4865	  66.6465073000	  70.4943771000
0269 x 0269 x 0137	   14.5950	  66.6468811000	  70.4932785000
0271 x 0271 x 0138	   14.7035	  66.5874176000	  70.4926758000
0273 x 0273 x 0139	   14.8120	  66.6480255000	  70.4919891000
0275 x 0275 x 0140	   14.9205	  66.5640259000	  70.4933472000
0277 x 0277 x 0141	   15.0290	  66.6596146000	  70.4929886000
0279 x 0279 x 0142	   15.1375	  66.6650543000	  70.4917068000
0281 x 0281 x 0143	   15.2461	  66.6361847000	  70.4924469000
0283 x 0283 x 0144	   15.3546	  66.6508408000	  70.4924545000
0285 x 0285 x 0145	   15.4631	  66.6752167000	  70.4913635000
0287 x 0287 x 0146	   15.5716	  66.6539154000	  70.4926987000
0289 x 0289 x 0147	   15.6801	  66.6505432000	  70.4929199000
0291 x 0291 x 0148	   15.7886	  66.6376419000	  70.4914932000
0293 x 0293 x 0149	   15.8971	  66.6495667000	  70.4914093000
0295 x 0295 x 0150	   16.0056	  66.6024017000	  70.4939117000
0297 x 0297 x 0151	   16.1142	  66.6530457000	  70.4924088000
0299 x 0299 x 0152	   16.2227	  66.7123184000	  70.4908676000
0301 x 0301 x 0153	   16.3312	  66.6241531000	  70.4921036000
0303 x 0303 x 0154	   16.4397	  66.6729736000	  70.4924011000
0305 x 0305 x 0155	   16.5482	  66.6683426000	  70.4947739000
0307 x 0307 x 0156	   16.6567	  66.6750641000	  70.4920044000
0309 x 0309 x 0157	   16.7652	  66.6694412000	  70.4915924000
0311 x 0311 x 0158	   16.8737	  66.7012711000	  70.4935226000
0313 x 0313 x 0159	   16.9823	  66.7010345000	  70.4926758000
0315 x 0315 x 0160	   17.0908	  66.6927261000	  70.4920731000
0316 x 0316 x 0161	   17.1450	  66.6659927000	  70.4927597000
0318 x 0318 x 0162	   17.2535	  66.6985474000	  70.4929428000
0320 x 0320 x 0163	   17.3621	  66.7231064000	  70.4933090000
0322 x 0322 x 0164	   17.4706	  66.6758270000	  70.4928665000
0324 x 0324 x 0165	   17.5791	  66.6663437000	  70.4927139000
0326 x 0326 x 0166	   17.6876	  66.7325439000	  70.4926834000
0328 x 0328 x 0167	   17.7961	  66.6828766000	  70.4918823000
0330 x 0330 x 0168	   17.9046	  66.7560043000	  70.4929199000
0332 x 0332 x 0169	   18.0131	  66.7199631000	  70.4920502000
0334 x 0334 x 0170	   18.1216	  66.6948166000	  70.4927750000
0336 x 0336 x 0171	   18.2302	  66.7024612000	  70.4938278000
0338 x 0338 x 0172	   18.3387	  66.7037811000	  70.4927597000
0340 x 0340 x 0173	   18.4472	  66.7358780000	  70.4925232000
0342 x 0342 x 0174	   18.5557	  66.7339630000	  70.4920654000
0344 x 0344 x 0175	   18.6642	  66.7302780000	  70.4922638000
0346 x 0346 x 0176	   18.7727	  66.7461014000	  70.4921188000
0348 x 0348 x 0177	   18.8812	  66.7140579000	  70.4925919000
0350 x 0350 x 0178	   18.9897	  66.7346420000	  70.4925003000
0352 x 0352 x 0179	   19.0983	  66.7370834000	  70.4928513000
0354 x 0354 x 0180	   19.2068	  66.7657166000	  70.4922714000
0356 x 0356 x 0181	   19.3153	  66.7457504000	  70.4931717000
0358 x 0358 x 0182	   19.4238	  66.7396545000	  70.4920120000
0360 x 0360 x 0183	   19.5323	  66.7684174000	  70.4918823000
0362 x 0362 x 0184	   19.6408	  66.7592850000	  70.4923096000
0364 x 0364 x 0185	   19.7493	  66.7247086000	  70.4910812000
0366 x 0366 x 0186	   19.8578	  66.7523956000	  70.4930878000
0368 x 0368 x 0187	   19.9664	  66.7416687000	  70.4936829000
0369 x 0369 x 0188	   20.0206	  66.7160721000	  70.4922104000
0371 x 0371 x 0189	   20.1291	  66.7460480000	  70.4921341000
0373 x 0373 x 0190	   20.2376	  66.7537689000	  70.4922409000
0375 x 0375 x 0191	   20.3462	  66.7809525000	  70.4928284000
0377 x 0377 x 0192	   20.4547	  66.7780075000	  70.4921570000
0379 x 0379 x 0193	   20.5632	  66.7285538000	  70.4926758000
0381 x 0381 x 0194	   20.6717	  66.7748642000	  70.4913940000
0383 x 0383 x 0195	   20.7802	  66.7867661000	  70.4926758000
0385 x 0385 x 0196	   20.8887	  66.7690353000	  70.4917450000
0387 x 0387 x 0197	   20.9972	  66.7802505000	  70.4929886000
0389 x 0389 x 0198	   21.1057	  66.7678757000	  70.4923019000
0391 x 0391 x 0199	   21.2143	  66.7511520000	  70.4927902000
0393 x 0393 x 0200	   21.3228	  66.7942963000	  70.4917068000
0395 x 0395 x 0201	   21.4313	  66.7866440000	  70.4929428000
0397 x 0397 x 0202	   21.5398	  66.7919083000	  70.4925232000
0399 x 0399 x 0203	   21.6483	  66.7628250000	  70.4912262000
0401 x 0401 x 0204	   21.7568	  66.7798004000	  70.4915619000
0403 x 0403 x 0205	   21.8653	  66.7663422000	  70.4925079000
0405 x 0405 x 0206	   21.9738	  66.7930756000	  70.4932175000
0407 x 0407 x 0207	   22.0824	  66.8065948000	  70.4930496000
0409 x 0409 x 0208	   22.1909	  66.7903824000	  70.4926147000
0411 x 0411 x 0209	   22.2994	  66.7899475000	  70.4925919000
0413 x 0413 x 0210	   22.4079	  66.7769241000	  70.4919968000
0415 x 0415 x 0211	   22.5164	  66.7959671000	  70.4919968000
0417 x 0417 x 0212	   22.6249	  66.7943802000	  70.4939880000
0419 x 0419 x 0213	   22.7334	  66.7818909000	  70.4937897000
0421 x 0421 x 0214	   22.8420	  66.8202209000	  70.4923782000
0422 x 0422 x 0215	   22.8962	  66.7846603000	  70.4922180000
0424 x 0424 x 0216	   23.0047	  66.8141479000	  70.4922791000
0426 x 0426 x 0217	   23.1132	  66.7884750000	  70.4920197000
0428 x 0428 x 0218	   23.2217	  66.8069077000	  70.4926071000
0430 x 0430 x 0219	   23.3303	  66.7947159000	  70.4921570000
0432 x 0432 x 0220	   23.4388	  66.7928848000	  70.4923248000
0434 x 0434 x 0221	   23.5473	  66.8132401000	  70.4921036000
0436 x 0436 x 0222	   23.6558	  66.8102798000	  70.4930344000
0438 x 0438 x 0223	   23.7643	  66.8206787000	  70.4931335000
0440 x 0440 x 0224	   23.8728	  66.8113327000	  70.4927216000
0442 x 0442 x 0225	   23.9813	  66.8124771000	  70.4922791000
0444 x 0444 x 0226	   24.0898	  66.8030701000	  70.4921036000
0446 x 0446 x 0227	   24.1984	  66.8092117000	  70.4922638000
0448 x 0448 x 0228	   24.3069	  66.8223419000	  70.4925003000
0450 x 0450 x 0229	   24.4154	  66.8308258000	  70.4934387000
0452 x 0452 x 0230	   24.5239	  66.8041611000	  70.4926453000
0454 x 0454 x 0231	   24.6324	  66.8204041000	  70.4925919000
0456 x 0456 x 0232	   24.7409	  66.8121719000	  70.4924774000
0458 x 0458 x 0233	   24.8494	  66.8131866000	  70.4921417000
0460 x 0460 x 0234	   24.9580	  66.8118744000	  70.4926300000
0462 x 0462 x 0235	   25.0665	  66.8121490000	  70.4917755000
0464 x 0464 x 0236	   25.1750	  66.8162842000	  70.4913483000
0466 x 0466 x 0237	   25.2835	  66.8184280000	  70.4925232000
0468 x 0468 x 0238	   25.3920	  66.8239288000	  70.4929276000
0470 x 0470 x 0239	   25.5005	  66.8291779000	  70.4925613000
0472 x 0472 x 0240	   25.6090	  66.8285370000	  70.4930725000
0473 x 0473 x 0241	   25.6633	  66.8287430000	  70.4918671000
0475 x 0475 x 0242	   25.7718	  66.8306122000	  70.4923248000
0477 x 0477 x 0243	   25.8803	  66.8210602000	  70.4927750000
0479 x 0479 x 0244	   25.9888	  66.8351746000	  70.4928665000
0481 x 0481 x 0245	   26.0973	  66.8294525000	  70.4930725000
0483 x 0483 x 0246	   26.2058	  66.8288803000	  70.4930573000
0485 x 0485 x 0247	   26.3144	  66.8342209000	  70.4926529000
0487 x 0487 x 0248	   26.4229	  66.8340073000	  70.4920197000
0489 x 0489 x 0249	   26.5314	  66.8361359000	  70.4930038000
0491 x 0491 x 0250	   26.6399	  66.8352585000	  70.4925079000
0493 x 0493 x 0251	   26.7484	  66.8553085000	  70.4926529000
0495 x 0495 x 0252	   26.8569	  66.8375854000	  70.4926224000
0497 x 0497 x 0253	   26.9654	  66.8534393000	  70.4928970000
0499 x 0499 x 0254	   27.0740	  66.8401566000	  70.4929123000
0501 x 0501 x 0255	   27.1825	  66.8372116000	  70.4930191000
0503 x 0503 x 0256	   27.2910	  66.8399582000	  70.4921417000
0505 x 0505 x 0257	   27.3995	  66.8383026000	  70.4918060000
0507 x 0507 x 0258	   27.5080	  66.8364334000	  70.4922562000
0509 x 0509 x 0259	   27.6165	  66.8562164000	  70.4930954000
0511 x 0511 x 0260	   27.7250	  66.8499451000	  70.4924164000
0513 x 0513 x 0261	   27.8335	  66.8492966000	  70.4932785000
0515 x 0515 x 0262	   27.9421	  66.8506241000	  70.4925003000
0517 x 0517 x 0263	   28.0506	  66.8544388000	  70.4924698000
0519 x 0519 x 0264	   28.1591	  66.8560867000	  70.4926224000
0521 x 0521 x 0265	   28.2676	  66.8408661000	  70.4923248000
0523 x 0523 x 0266	   28.3761	  66.8556213000	  70.4924927000
0525 x 0525 x 0267	   28.4846	  66.8503418000	  70.4927063000
0526 x 0526 x 0268	   28.5389	  66.8640747000	  70.4925919000
0528 x 0528 x 0269	   28.6474	  66.8591461000	  70.4927444000
0530 x 0530 x 0270	   28.7559	  66.8662262000	  70.4924850000
0532 x 0532 x 0271	   28.8644	  66.8443069000	  70.4923782000
0534 x 0534 x 0272	   28.9729	  66.8545303000	  70.4920883000
0536 x 0536 x 0273	   29.0814	  66.8563385000	  70.4927368000
0538 x 0538 x 0274	   29.1900	  66.8694992000	  70.4925690000
0540 x 0540 x 0275	   29.2985	  66.8598862000	  70.4928436000
0542 x 0542 x 0276	   29.4070	  66.8546219000	  70.4923553000
0544 x 0544 x 0277	   29.5155	  66.8721390000	  70.4922791000
0546 x 0546 x 0278	   29.6240	  66.8652802000	  70.4923935000
0548 x 0548 x 0279	   29.7325	  66.8544617000	  70.4921799000
0550 x 0550 x 0280	   29.8410	  66.8589935000	  70.4924240000
0552 x 0552 x 0281	   29.9495	  66.8677979000	  70.4923782000
0554 x 0554 x 0282	   30.0581	  66.8655167000	  70.4923325000
0556 x 0556 x 0283	   30.1666	  66.8733978000	  70.4930191000
0558 x 0558 x 0284	   30.2751	  66.8597031000	  70.4924927000
0560 x 0560 x 0285	   30.3836	  66.8745651000	  70.4919968000
0562 x 0562 x 0286	   30.4921	  66.8673859000	  70.4926529000
0564 x 0564 x 0287	   30.6006	  66.8587112000	  70.4920807000
0566 x 0566 x 0288	   30.7091	  66.8674088000	  70.4927826000
0568 x 0568 x 0289	   30.8176	  66.8707352000	  70.4925308000
0570 x 0570 x 0290	   30.9262	  66.8688202000	  70.4924774000
0572 x 0572 x 0291	   31.0347	  66.8878860000	  70.4925079000
0574 x 0574 x 0292	   31.1432	  66.8777924000	  70.4928818000
0576 x 0576 x 0293	   31.2517	  66.8755569000	  70.4927063000
0578 x 0578 x 0294	   31.3602	  66.8719330000	  70.4921875000
0579 x 0579 x 0295	   31.4145	  66.8914719000	  70.4921875000
0581 x 0581 x 0296	   31.5230	  66.8877029000	  70.4921494000
0583 x 0583 x 0297	   31.6315	  66.8576584000	  70.4929352000
0585 x 0585 x 0298	   31.7400	  66.8811798000	  70.4926758000
0587 x 0587 x 0299	   31.8485	  66.8838806000	  70.4920502000
0589 x 0589 x 0300	   31.9570	  66.8930511000	  70.4923096000
0591 x 0591 x 0301	   32.0655	  66.8760605000	  70.4920959000
0593 x 0593 x 0302	   32.1741	  66.8813934000	  70.4925842000
0595 x 0595 x 0303	   32.2826	  66.8787613000	  70.4928741000
0597 x 0597 x 0304	   32.3911	  66.8761826000	  70.4923935000
0599 x 0599 x 0305	   32.4996	  66.8710022000	  70.4927597000
0601 x 0601 x 0306	   32.6081	  66.8970566000	  70.4924622000
0603 x 0603 x 0307	   32.7166	  66.8855591000	  70.4924850000
0605 x 0605 x 0308	   32.8251	  66.8897629000	  70.4925385000
0607 x 0607 x 0309	   32.9336	  66.8823090000	  70.4926453000
0609 x 0609 x 0310	   33.0422	  66.8864136000	  70.4925919000
0611 x 0611 x 0311	   33.1507	  66.8862610000	  70.4929276000
0613 x 0613 x 0312	   33.2592	  66.8892822000	  70.4926987000
0615 x 0615 x 0313	   33.3677	  66.8928452000	  70.4925919000
0617 x 0617 x 0314	   33.4762	  66.8907471000	  70.4921951000
0619 x 0619 x 0315	   33.5847	  66.8806610000	  70.4929733000
0621 x 0621 x 0316	   33.6932	  66.8897247000	  70.4926300000
0623 x 0623 x 0317	   33.8017	  66.8936462000	  70.4922867000
0625 x 0625 x 0318	   33.9103	  66.8905029000	  70.4926605000
0627 x 0627 x 0319	   34.0188	  66.8923492000	  70.4924088000
0629 x 0629 x 0320	   34.1273	  66.8859329000	  70.4922791000
0631 x 0631 x 0321	   34.2358	  66.8922958000	  70.4923248000
0632 x 0632 x 0322	   34.2901	  66.8937531000	  70.4921341000
0634 x 0634 x 0323	   34.3986	  66.8908920000	  70.4926147000
0636 x 0636 x 0324	   34.5071	  66.8954926000	  70.4927139000
0638 x 0638 x 0325	   34.6156	  66.8966141000	  70.4930420000
0640 x 0640 x 0326	   34.7241	  66.8936996000	  70.4924622000
0644 x 0644 x 0328	   34.9411	  66.8945541000	  70.4924164000
