Grid		 	    Points/A	  Phi_acc	 Phi_void
0001 x 0001 x 0001	    0.0538	 100.0000000000	 100.0000000000
0002 x 0002 x 0002	    0.1076	  25.0000000000	  25.0000000000
0003 x 0003 x 0003	    0.1613	  25.9259262000	  70.3703690000
0004 x 0004 x 0004	    0.2151	  53.1250000000	  53.1250000000
0005 x 0005 x 0005	    0.2689	  52.0000000000	  71.2000046000
0006 x 0006 x 0006	    0.3227	  49.0740738000	  71.2962952000
0007 x 0007 x 0007	    0.3764	  47.5218658000	  82.5072861000
0008 x 0008 x 0008	    0.4302	  33.9843750000	  77.7343750000
0009 x 0009 x 0009	    0.4840	  46.2277069000	  70.9190674000
0010 x 0010 x 0010	    0.5378	  39.7999992000	  74.1999969000
0011 x 0011 x 0011	    0.5916	  38.0916595000	  72.3516159000
0012 x 0012 x 0012	    0.6453	  42.9398155000	  74.8842621000
0013 x 0013 x 0013	    0.6991	  40.8284035000	  73.7824326000
0014 x 0014 x 0014	    0.7529	  40.4518967000	  73.6880493000
0015 x 0015 x 0015	    0.8067	  39.6740723000	  69.8963013000
0016 x 0016 x 0016	    0.8605	  64.3066406000	  71.1425781000
0017 x 0017 x 0017	    0.9142	  62.7111740000	  70.0386734000
0018 x 0018 x 0018	    0.9680	  63.5459557000	  70.9533615000
0019 x 0019 x 0019	    1.0218	  62.5018234000	  70.7829132000
0020 x 0020 x 0020	    1.0756	  58.7750015000	  72.2249985000
0021 x 0021 x 0021	    1.1293	  59.2700615000	  73.3506088000
0022 x 0022 x 0022	    1.1831	  60.9973717000	  72.2577057000
0023 x 0023 x 0023	    1.2369	  62.1681557000	  72.2199402000
0024 x 0024 x 0024	    1.2907	  59.5413742000	  72.0341415000
0025 x 0025 x 0025	    1.3445	  59.0016022000	  72.6080017000
0026 x 0026 x 0026	    1.3982	  59.5129738000	  72.1324539000
0027 x 0027 x 0027	    1.4520	  67.2407684000	  71.1832504000
0028 x 0028 x 0028	    1.5058	  66.2809753000	  72.2758789000
0029 x 0029 x 0029	    1.5596	  65.6566467000	  71.0361252000
0030 x 0030 x 0030	    1.6134	  64.5407410000	  70.6592636000
0031 x 0031 x 0031	    1.6671	  66.8356247000	  70.9442444000
0032 x 0032 x 0032	    1.7209	  66.3269043000	  71.2097168000
0033 x 0033 x 0033	    1.7747	  64.6603775000	  71.6058655000
0034 x 0034 x 0034	    1.8285	  62.8892708000	  71.4583740000
0035 x 0035 x 0035	    1.8822	  66.4979553000	  71.8530579000
0036 x 0036 x 0036	    1.9360	  64.9626999000	  72.0721893000
0037 x 0037 x 0037	    1.9898	  64.7306213000	  71.5159988000
0038 x 0038 x 0038	    2.0436	  66.7918091000	  71.8289871000
0039 x 0039 x 0039	    2.0974	  65.5523529000	  71.0649185000
0040 x 0040 x 0040	    2.1511	  65.0437469000	  71.2593765000
0041 x 0041 x 0041	    2.2049	  68.6336517000	  71.9562988000
0042 x 0042 x 0042	    2.2587	  68.2161713000	  71.7066193000
0043 x 0043 x 0043	    2.3125	  66.9463043000	  71.2427826000
0044 x 0044 x 0044	    2.3662	  66.6486664000	  71.4054260000
0045 x 0045 x 0045	    2.4200	  66.5646057000	  71.4063110000
0046 x 0046 x 0046	    2.4738	  65.6129303000	  71.4494095000
0047 x 0047 x 0047	    2.5276	  67.2211380000	  71.4013290000
0048 x 0048 x 0048	    2.5814	  66.9741058000	  72.0070190000
0049 x 0049 x 0049	    2.6351	  66.3456573000	  71.7430649000
0050 x 0050 x 0050	    2.6889	  66.8560028000	  71.6335983000
0051 x 0051 x 0051	    2.7427	  66.5611267000	  71.4830627000
0052 x 0052 x 0052	    2.7965	  67.6248856000	  71.3856964000
0053 x 0053 x 0053	    2.8503	  66.7268906000	  71.4636917000
0054 x 0054 x 0054	    2.9040	  67.8542404000	  71.1946869000
0055 x 0055 x 0055	    2.9578	  67.5900803000	  71.5534210000
0056 x 0056 x 0056	    3.0116	  68.7648087000	  71.5754776000
0057 x 0057 x 0057	    3.0654	  68.2320557000	  71.3380127000
0058 x 0058 x 0058	    3.1191	  67.6852264000	  71.4779205000
0059 x 0059 x 0059	    3.1729	  66.8875580000	  71.6504669000
0060 x 0060 x 0060	    3.2267	  66.6893539000	  71.2620392000
0061 x 0061 x 0061	    3.2805	  67.3496933000	  71.5518036000
0062 x 0062 x 0062	    3.3343	  67.7092056000	  71.4435577000
0063 x 0063 x 0063	    3.3880	  67.3785324000	  71.4917603000
0064 x 0064 x 0064	    3.4418	  68.5840607000	  71.6117859000
0065 x 0065 x 0065	    3.4956	  68.0233078000	  71.4614487000
0066 x 0066 x 0066	    3.5494	  68.0245972000	  71.5230789000
0067 x 0067 x 0067	    3.6032	  67.5970764000	  71.4206848000
0068 x 0068 x 0068	    3.6569	  68.3584976000	  71.4513779000
0069 x 0069 x 0069	    3.7107	  68.2486649000	  71.3907394000
0070 x 0070 x 0070	    3.7645	  68.1988373000	  71.4921265000
0071 x 0071 x 0071	    3.8183	  67.5874710000	  71.4208298000
0072 x 0072 x 0072	    3.8720	  67.9178467000	  71.4522247000
0073 x 0073 x 0073	    3.9258	  68.0268478000	  71.4542007000
0074 x 0074 x 0074	    3.9796	  67.8034821000	  71.5194550000
0075 x 0075 x 0075	    4.0334	  67.9734497000	  71.5185776000
0076 x 0076 x 0076	    4.0872	  68.0360641000	  71.5360260000
0077 x 0077 x 0077	    4.1409	  67.8325500000	  71.4920959000
0078 x 0078 x 0078	    4.1947	  68.4384384000	  71.4294739000
0079 x 0079 x 0079	    4.2485	  68.1128693000	  71.3848190000
0080 x 0080 x 0080	    4.3023	  68.2250061000	  71.4128876000
0081 x 0081 x 0081	    4.3560	  68.5530472000	  71.4293747000
0082 x 0082 x 0082	    4.4098	  68.8092194000	  71.4357758000
0083 x 0083 x 0083	    4.4636	  68.5323334000	  71.4648972000
0084 x 0084 x 0084	    4.5174	  68.3713989000	  71.5122604000
0085 x 0085 x 0085	    4.5712	  67.9521255000	  71.5142670000
0086 x 0086 x 0086	    4.6249	  67.4736176000	  71.3493729000
0087 x 0087 x 0087	    4.6787	  68.5193558000	  71.4224548000
0088 x 0088 x 0088	    4.7325	  68.2070541000	  71.4626541000
0089 x 0089 x 0089	    4.7863	  67.9075241000	  71.4438477000
0090 x 0090 x 0090	    4.8401	  68.4899902000	  71.4499283000
0091 x 0091 x 0091	    4.8938	  68.4888382000	  71.5567627000
0092 x 0092 x 0092	    4.9476	  68.5085678000	  71.4810028000
0093 x 0093 x 0093	    5.0014	  68.6601791000	  71.3684311000
0094 x 0094 x 0094	    5.0552	  68.3733368000	  71.3919373000
0095 x 0095 x 0095	    5.1089	  68.7961502000	  71.4062119000
0096 x 0096 x 0096	    5.1627	  68.6907730000	  71.4556656000
0097 x 0097 x 0097	    5.2165	  68.7447739000	  71.4754333000
0098 x 0098 x 0098	    5.2703	  68.3977356000	  71.4797821000
0099 x 0099 x 0099	    5.3241	  68.2961655000	  71.4323120000
0100 x 0100 x 0100	    5.3778	  68.2853012000	  71.4644012000
0101 x 0101 x 0101	    5.4316	  68.3797226000	  71.4287415000
0102 x 0102 x 0102	    5.4854	  68.8487091000	  71.4960709000
0103 x 0103 x 0103	    5.5392	  68.6812897000	  71.4505081000
0104 x 0104 x 0104	    5.5929	  69.0538559000	  71.4725494000
0105 x 0105 x 0105	    5.6467	  68.6966858000	  71.4308167000
0106 x 0106 x 0106	    5.7005	  68.4293060000	  71.4494171000
0107 x 0107 x 0107	    5.7543	  68.6738358000	  71.4436188000
0108 x 0108 x 0108	    5.8081	  68.6107635000	  71.4466476000
0109 x 0109 x 0109	    5.8618	  68.8729019000	  71.4844971000
0110 x 0110 x 0110	    5.9156	  68.6912155000	  71.4498901000
0111 x 0111 x 0111	    5.9694	  68.6981354000	  71.4506302000
0112 x 0112 x 0112	    6.0232	  68.7451630000	  71.4681473000
0113 x 0113 x 0113	    6.0770	  68.7587585000	  71.4242935000
0114 x 0114 x 0114	    6.1307	  68.7544250000	  71.4496460000
0115 x 0115 x 0115	    6.1845	  68.9746399000	  71.4305267000
0116 x 0116 x 0116	    6.2383	  68.6909332000	  71.4670334000
0117 x 0117 x 0117	    6.2921	  69.0257263000	  71.4422913000
0118 x 0118 x 0118	    6.3458	  68.7653046000	  71.4443817000
0119 x 0119 x 0119	    6.3996	  68.7999802000	  71.4474411000
0120 x 0120 x 0120	    6.4534	  68.7274246000	  71.4440994000
0121 x 0121 x 0121	    6.5072	  68.6489487000	  71.4441681000
0122 x 0122 x 0122	    6.5610	  68.8448639000	  71.4686432000
0123 x 0123 x 0123	    6.6147	  68.9940186000	  71.4711456000
0124 x 0124 x 0124	    6.6685	  68.8321381000	  71.4331741000
0125 x 0125 x 0125	    6.7223	  68.7015381000	  71.4733505000
0126 x 0126 x 0126	    6.7761	  68.8265076000	  71.4379654000
0127 x 0127 x 0127	    6.8299	  69.0978241000	  71.4279022000
0128 x 0128 x 0128	    6.8836	  69.0039139000	  71.4206696000
0129 x 0129 x 0129	    6.9374	  68.9017868000	  71.4272537000
0130 x 0130 x 0130	    6.9912	  68.8241272000	  71.4132004000
0131 x 0131 x 0131	    7.0450	  68.8606415000	  71.4289093000
0132 x 0132 x 0132	    7.0987	  68.7110825000	  71.4325638000
0133 x 0133 x 0133	    7.1525	  69.0013351000	  71.4553986000
0134 x 0134 x 0134	    7.2063	  68.8372574000	  71.4338150000
0135 x 0135 x 0135	    7.2601	  68.8921356000	  71.4071198000
0136 x 0136 x 0136	    7.3139	  68.9994583000	  71.4637070000
0137 x 0137 x 0137	    7.3676	  68.7466507000	  71.4512177000
0138 x 0138 x 0138	    7.4214	  68.8678284000	  71.4183655000
0139 x 0139 x 0139	    7.4752	  68.7172318000	  71.4219360000
0140 x 0140 x 0140	    7.5290	  68.9409256000	  71.4736862000
0141 x 0141 x 0141	    7.5827	  68.9454041000	  71.4574051000
0142 x 0142 x 0142	    7.6365	  68.9701462000	  71.4330826000
0143 x 0143 x 0143	    7.6903	  69.0289383000	  71.4656982000
0144 x 0144 x 0144	    7.7441	  68.9903183000	  71.4461288000
0145 x 0145 x 0145	    7.7979	  69.0231171000	  71.4021301000
0146 x 0146 x 0146	    7.8516	  68.8747253000	  71.4457245000
0147 x 0147 x 0147	    7.9054	  68.8759079000	  71.4227142000
0148 x 0148 x 0148	    7.9592	  69.0952988000	  71.4689255000
0149 x 0149 x 0149	    8.0130	  68.9726181000	  71.4362564000
0150 x 0150 x 0150	    8.0668	  68.9812393000	  71.4528656000
0151 x 0151 x 0151	    8.1205	  68.7987442000	  71.4317474000
0152 x 0152 x 0152	    8.1743	  68.7827454000	  71.4299316000
0153 x 0153 x 0153	    8.2281	  69.0850754000	  71.4123688000
0154 x 0154 x 0154	    8.2819	  68.9958649000	  71.4356384000
0155 x 0155 x 0155	    8.3356	  69.1038818000	  71.4460831000
0156 x 0156 x 0156	    8.3894	  69.0077209000	  71.4473343000
0157 x 0157 x 0157	    8.4432	  68.8993225000	  71.4487228000
0158 x 0158 x 0158	    8.4970	  69.0769882000	  71.4464264000
0159 x 0159 x 0159	    8.5508	  69.0720291000	  71.4468231000
0160 x 0160 x 0160	    8.6045	  69.0463333000	  71.4154816000
0161 x 0161 x 0161	    8.6583	  68.9428024000	  71.4658813000
0162 x 0162 x 0162	    8.7121	  69.0870667000	  71.4108887000
0163 x 0163 x 0163	    8.7659	  68.9144363000	  71.4352722000
0164 x 0164 x 0164	    8.8197	  69.0157089000	  71.4510803000
0165 x 0165 x 0165	    8.8734	  69.0118637000	  71.4285583000
0166 x 0166 x 0166	    8.9272	  68.9479218000	  71.4442215000
0167 x 0167 x 0167	    8.9810	  69.0942230000	  71.4229431000
0168 x 0168 x 0168	    9.0348	  69.1824036000	  71.4355698000
0169 x 0169 x 0169	    9.0885	  69.0543976000	  71.4521561000
0170 x 0170 x 0170	    9.1423	  69.0072632000	  71.4474258000
0171 x 0171 x 0171	    9.1961	  69.0025864000	  71.4398041000
0172 x 0172 x 0172	    9.2499	  69.1362686000	  71.4142303000
0173 x 0173 x 0173	    9.3037	  69.1026154000	  71.4270630000
0174 x 0174 x 0174	    9.3574	  69.0384521000	  71.4069672000
0175 x 0175 x 0175	    9.4112	  69.0871429000	  71.4206238000
0176 x 0176 x 0176	    9.4650	  69.1286697000	  71.4374542000
0177 x 0177 x 0177	    9.5188	  69.0352249000	  71.4474716000
0178 x 0178 x 0178	    9.5725	  68.9614334000	  71.4192047000
0179 x 0179 x 0179	    9.6263	  69.1734695000	  71.4402542000
0180 x 0180 x 0180	    9.6801	  69.0654526000	  71.4229126000
0181 x 0181 x 0181	    9.7339	  69.1048050000	  71.4361572000
0182 x 0182 x 0182	    9.7877	  69.1254044000	  71.4591904000
0183 x 0183 x 0183	    9.8414	  69.1744843000	  71.4328156000
0184 x 0184 x 0184	    9.8952	  69.0670395000	  71.4776306000
0185 x 0185 x 0185	    9.9490	  69.0332565000	  71.4307785000
0186 x 0186 x 0186	   10.0028	  69.1309509000	  71.4070358000
0187 x 0187 x 0187	   10.0566	  69.1041718000	  71.4237976000
0188 x 0188 x 0188	   10.1103	  69.1724701000	  71.4308853000
0189 x 0189 x 0189	   10.1641	  69.1684341000	  71.4499893000
0190 x 0190 x 0190	   10.2179	  69.1327057000	  71.4278793000
0191 x 0191 x 0191	   10.2717	  69.0771713000	  71.4511337000
0192 x 0192 x 0192	   10.3254	  69.1813889000	  71.4555817000
0193 x 0193 x 0193	   10.3792	  69.1847610000	  71.4208984000
0194 x 0194 x 0194	   10.4330	  69.0707169000	  71.4314270000
0195 x 0195 x 0195	   10.4868	  69.2069397000	  71.4240265000
0196 x 0196 x 0196	   10.5406	  69.1249390000	  71.4409790000
0197 x 0197 x 0197	   10.5943	  69.1215363000	  71.4334641000
0198 x 0198 x 0198	   10.6481	  69.2458954000	  71.4368362000
0199 x 0199 x 0199	   10.7019	  69.1216431000	  71.4504623000
0200 x 0200 x 0200	   10.7557	  69.1240616000	  71.4395218000
0201 x 0201 x 0201	   10.8095	  69.0941315000	  71.4298019000
0202 x 0202 x 0202	   10.8632	  69.1409149000	  71.4253387000
0203 x 0203 x 0203	   10.9170	  69.2201233000	  71.4294586000
0204 x 0204 x 0204	   10.9708	  69.2040710000	  71.4306946000
0205 x 0205 x 0205	   11.0246	  69.2663651000	  71.4551697000
0206 x 0206 x 0206	   11.0783	  69.1163940000	  71.4395142000
0207 x 0207 x 0207	   11.1321	  69.2176666000	  71.4593735000
0208 x 0208 x 0208	   11.1859	  69.2018585000	  71.4260025000
0209 x 0209 x 0209	   11.2397	  69.2028122000	  71.4431915000
0210 x 0210 x 0210	   11.2935	  69.1974640000	  71.4401398000
0211 x 0211 x 0211	   11.3472	  69.1960678000	  71.4247284000
0212 x 0212 x 0212	   11.4010	  69.2668228000	  71.4471207000
0213 x 0213 x 0213	   11.4548	  69.1789398000	  71.4381714000
0214 x 0214 x 0214	   11.5086	  69.1336060000	  71.4449615000
0215 x 0215 x 0215	   11.5623	  69.1131592000	  71.4218826000
0216 x 0216 x 0216	   11.6161	  69.1860199000	  71.4449081000
0217 x 0217 x 0217	   11.6699	  69.2431793000	  71.4388809000
0218 x 0218 x 0218	   11.7237	  69.1784210000	  71.4391937000
0219 x 0219 x 0219	   11.7775	  69.2109909000	  71.4324188000
0220 x 0220 x 0220	   11.8312	  69.2201538000	  71.4488449000
0221 x 0221 x 0221	   11.8850	  69.2841873000	  71.4241638000
0222 x 0222 x 0222	   11.9388	  69.2499084000	  71.4385834000
0223 x 0223 x 0223	   11.9926	  69.2700119000	  71.4223099000
0224 x 0224 x 0224	   12.0464	  69.1724625000	  71.4462662000
0225 x 0225 x 0225	   12.1001	  69.1521225000	  71.4444580000
0226 x 0226 x 0226	   12.1539	  69.1183472000	  71.4373627000
0227 x 0227 x 0227	   12.2077	  69.1860199000	  71.4432526000
0228 x 0228 x 0228	   12.2615	  69.1896820000	  71.4345016000
0229 x 0229 x 0229	   12.3152	  69.2288971000	  71.4238434000
0230 x 0230 x 0230	   12.3690	  69.2425461000	  71.4290161000
0231 x 0231 x 0231	   12.4228	  69.1673126000	  71.4376831000
0232 x 0232 x 0232	   12.4766	  69.2197647000	  71.4387894000
0233 x 0233 x 0233	   12.5304	  69.2536469000	  71.4237900000
0234 x 0234 x 0234	   12.5841	  69.2769699000	  71.4387589000
0235 x 0235 x 0235	   12.6379	  69.2571259000	  71.4358597000
0236 x 0236 x 0236	   12.6917	  69.2139664000	  71.4275360000
0237 x 0237 x 0237	   12.7455	  69.1640472000	  71.4259491000
0238 x 0238 x 0238	   12.7992	  69.2389755000	  71.4383087000
0239 x 0239 x 0239	   12.8530	  69.2373352000	  71.4379044000
0240 x 0240 x 0240	   12.9068	  69.1693954000	  71.4360809000
0241 x 0241 x 0241	   12.9606	  69.2307281000	  71.4487305000
0242 x 0242 x 0242	   13.0144	  69.2513733000	  71.4410172000
0243 x 0243 x 0243	   13.0681	  69.2556763000	  71.4330673000
0244 x 0244 x 0244	   13.1219	  69.2596664000	  71.4283676000
0245 x 0245 x 0245	   13.1757	  69.2319489000	  71.4368515000
0246 x 0246 x 0246	   13.2295	  69.2788391000	  71.4311600000
0247 x 0247 x 0247	   13.2833	  69.2588501000	  71.4390106000
0248 x 0248 x 0248	   13.3370	  69.2233276000	  71.4401627000
0249 x 0249 x 0249	   13.3908	  69.2707138000	  71.4287643000
0250 x 0250 x 0250	   13.4446	  69.2350388000	  71.4301147000
0251 x 0251 x 0251	   13.4984	  69.2404175000	  71.4340134000
0252 x 0252 x 0252	   13.5521	  69.1993561000	  71.4337006000
0253 x 0253 x 0253	   13.6059	  69.2370987000	  71.4384537000
0254 x 0254 x 0254	   13.6597	  69.2639771000	  71.4352875000
0255 x 0255 x 0255	   13.7135	  69.1992798000	  71.4434967000
0256 x 0256 x 0256	   13.7673	  69.2219238000	  71.4358902000
0257 x 0257 x 0257	   13.8210	  69.3013153000	  71.4371796000
0258 x 0258 x 0258	   13.8748	  69.2940674000	  71.4330597000
0259 x 0259 x 0259	   13.9286	  69.3148880000	  71.4358063000
0260 x 0260 x 0260	   13.9824	  69.2749939000	  71.4395676000
0261 x 0261 x 0261	   14.0362	  69.3139114000	  71.4255371000
0262 x 0262 x 0262	   14.0899	  69.2612152000	  71.4421921000
0263 x 0263 x 0263	   14.1437	  69.2466354000	  71.4346924000
0264 x 0264 x 0264	   14.1975	  69.2344818000	  71.4352646000
0265 x 0265 x 0265	   14.2513	  69.2826538000	  71.4349213000
0266 x 0266 x 0266	   14.3050	  69.2685242000	  71.4390488000
0267 x 0267 x 0267	   14.3588	  69.1923599000	  71.4334717000
0268 x 0268 x 0268	   14.4126	  69.3123322000	  71.4395218000
0269 x 0269 x 0269	   14.4664	  69.3058167000	  71.4301987000
0270 x 0270 x 0270	   14.5202	  69.2747498000	  71.4289703000
0271 x 0271 x 0271	   14.5739	  69.2329025000	  71.4331055000
0272 x 0272 x 0272	   14.6277	  69.3288574000	  71.4293747000
0273 x 0273 x 0273	   14.6815	  69.3029404000	  71.4385910000
0274 x 0274 x 0274	   14.7353	  69.2084656000	  71.4319534000
0275 x 0275 x 0275	   14.7890	  69.2750549000	  71.4381866000
0276 x 0276 x 0276	   14.8428	  69.2868500000	  71.4310760000
0277 x 0277 x 0277	   14.8966	  69.2611542000	  71.4341278000
0278 x 0278 x 0278	   14.9504	  69.2336884000	  71.4258499000
0279 x 0279 x 0279	   15.0042	  69.3034973000	  71.4387207000
0280 x 0280 x 0280	   15.0579	  69.2869644000	  71.4425659000
0281 x 0281 x 0281	   15.1117	  69.2694778000	  71.4375229000
0282 x 0282 x 0282	   15.1655	  69.3440399000	  71.4340134000
0283 x 0283 x 0283	   15.2193	  69.3410950000	  71.4367065000
0284 x 0284 x 0284	   15.2731	  69.2803040000	  71.4333496000
0285 x 0285 x 0285	   15.3268	  69.2802277000	  71.4223022000
0286 x 0286 x 0286	   15.3806	  69.2922134000	  71.4312820000
0287 x 0287 x 0287	   15.4344	  69.3567200000	  71.4318161000
0288 x 0288 x 0288	   15.4882	  69.3008118000	  71.4318161000
0289 x 0289 x 0289	   15.5419	  69.2835922000	  71.4406357000
0290 x 0290 x 0290	   15.5957	  69.2834244000	  71.4409103000
0291 x 0291 x 0291	   15.6495	  69.2461624000	  71.4337082000
0292 x 0292 x 0292	   15.7033	  69.3283234000	  71.4388351000
0293 x 0293 x 0293	   15.7571	  69.3233795000	  71.4340134000
0294 x 0294 x 0294	   15.8108	  69.2877197000	  71.4295883000
0295 x 0295 x 0295	   15.8646	  69.3050461000	  71.4312363000
0296 x 0296 x 0296	   15.9184	  69.2892838000	  71.4369202000
0297 x 0297 x 0297	   15.9722	  69.3496704000	  71.4309540000
0298 x 0298 x 0298	   16.0260	  69.3448257000	  71.4278717000
0299 x 0299 x 0299	   16.0797	  69.3069000000	  71.4354019000
0300 x 0300 x 0300	   16.1335	  69.2924881000	  71.4327545000
0301 x 0301 x 0301	   16.1873	  69.3181839000	  71.4353409000
0302 x 0302 x 0302	   16.2411	  69.3095474000	  71.4362335000
0303 x 0303 x 0303	   16.2948	  69.2644730000	  71.4356537000
0304 x 0304 x 0304	   16.3486	  69.2532578000	  71.4398346000
0305 x 0305 x 0305	   16.4024	  69.3577881000	  71.4335861000
0306 x 0306 x 0306	   16.4562	  69.3120346000	  71.4332504000
0307 x 0307 x 0307	   16.5100	  69.3122253000	  71.4392090000
0308 x 0308 x 0308	   16.5637	  69.3324432000	  71.4337540000
0309 x 0309 x 0309	   16.6175	  69.3672333000	  71.4360809000
0310 x 0310 x 0310	   16.6713	  69.3458710000	  71.4303818000
0311 x 0311 x 0311	   16.7251	  69.2897720000	  71.4316254000
0312 x 0312 x 0312	   16.7788	  69.3613663000	  71.4322891000
0313 x 0313 x 0313	   16.8326	  69.3118515000	  71.4355774000
0314 x 0314 x 0314	   16.8864	  69.3149490000	  71.4382935000
0315 x 0315 x 0315	   16.9402	  69.3474350000	  71.4348145000
0316 x 0316 x 0316	   16.9940	  69.3102570000	  71.4352341000
0317 x 0317 x 0317	   17.0477	  69.3238220000	  71.4355011000
0318 x 0318 x 0318	   17.1015	  69.3370667000	  71.4380112000
0319 x 0319 x 0319	   17.1553	  69.3447418000	  71.4327393000
0320 x 0320 x 0320	   17.2091	  69.3258667000	  71.4305191000
0321 x 0321 x 0321	   17.2629	  69.3572311000	  71.4334106000
0322 x 0322 x 0322	   17.3166	  69.2933426000	  71.4303665000
0323 x 0323 x 0323	   17.3704	  69.3583069000	  71.4328842000
0324 x 0324 x 0324	   17.4242	  69.3593140000	  71.4404221000
0325 x 0325 x 0325	   17.4780	  69.3149185000	  71.4395828000
0326 x 0326 x 0326	   17.5317	  69.3267136000	  71.4310226000
0327 x 0327 x 0327	   17.5855	  69.3408585000	  71.4364243000
0328 x 0328 x 0328	   17.6393	  69.3324814000	  71.4431000000
0329 x 0329 x 0329	   17.6931	  69.3026886000	  71.4365845000
0330 x 0330 x 0330	   17.7469	  69.3553238000	  71.4326706000
0331 x 0331 x 0331	   17.8006	  69.3173370000	  71.4352570000
0332 x 0332 x 0332	   17.8544	  69.3507996000	  71.4453125000
0333 x 0333 x 0333	   17.9082	  69.3458862000	  71.4313889000
0334 x 0334 x 0334	   17.9620	  69.3329163000	  71.4281387000
0335 x 0335 x 0335	   18.0158	  69.3643341000	  71.4325790000
0336 x 0336 x 0336	   18.0695	  69.3588638000	  71.4340210000
0337 x 0337 x 0337	   18.1233	  69.3086548000	  71.4320450000
0338 x 0338 x 0338	   18.1771	  69.3587112000	  71.4354706000
0339 x 0339 x 0339	   18.2309	  69.3396988000	  71.4380951000
0340 x 0340 x 0340	   18.2846	  69.3502731000	  71.4365158000
0341 x 0341 x 0341	   18.3384	  69.3429489000	  71.4368210000
0342 x 0342 x 0342	   18.3922	  69.3799438000	  71.4313583000
0343 x 0343 x 0343	   18.4460	  69.3471451000	  71.4291534000
0344 x 0344 x 0344	   18.4998	  69.3199997000	  71.4283524000
0345 x 0345 x 0345	   18.5535	  69.3651581000	  71.4324036000
0346 x 0346 x 0346	   18.6073	  69.3712082000	  71.4371338000
0347 x 0347 x 0347	   18.6611	  69.3636017000	  71.4340286000
0348 x 0348 x 0348	   18.7149	  69.3295593000	  71.4351807000
0349 x 0349 x 0349	   18.7686	  69.3755646000	  71.4368896000
0350 x 0350 x 0350	   18.8224	  69.3336639000	  71.4359436000
0351 x 0351 x 0351	   18.8762	  69.3699265000	  71.4355469000
0352 x 0352 x 0352	   18.9300	  69.3591766000	  71.4343414000
0353 x 0353 x 0353	   18.9838	  69.3567657000	  71.4371948000
0354 x 0354 x 0354	   19.0375	  69.3267822000	  71.4339294000
0355 x 0355 x 0355	   19.0913	  69.3682938000	  71.4326859000
0356 x 0356 x 0356	   19.1451	  69.3461227000	  71.4349213000
0357 x 0357 x 0357	   19.1989	  69.3253326000	  71.4296188000
0358 x 0358 x 0358	   19.2527	  69.3746185000	  71.4329605000
0359 x 0359 x 0359	   19.3064	  69.3630753000	  71.4311905000
0360 x 0360 x 0360	   19.3602	  69.3854523000	  71.4337921000
0361 x 0361 x 0361	   19.4140	  69.3544846000	  71.4334488000
0362 x 0362 x 0362	   19.4678	  69.3479996000	  71.4333420000
0363 x 0363 x 0363	   19.5215	  69.3423615000	  71.4345779000
0364 x 0364 x 0364	   19.5753	  69.3469238000	  71.4382401000
0365 x 0365 x 0365	   19.6291	  69.3583832000	  71.4328918000
0366 x 0366 x 0366	   19.6829	  69.3525696000	  71.4359512000
0367 x 0367 x 0367	   19.7367	  69.3469391000	  71.4323425000
0368 x 0368 x 0368	   19.7904	  69.3643951000	  71.4372253000
0369 x 0369 x 0369	   19.8442	  69.4033661000	  71.4253464000
0370 x 0370 x 0370	   19.8980	  69.3586121000	  71.4309845000
0371 x 0371 x 0371	   19.9518	  69.3896103000	  71.4338989000
0372 x 0372 x 0372	   20.0055	  69.3566284000	  71.4281235000
0373 x 0373 x 0373	   20.0593	  69.3943939000	  71.4336624000
0374 x 0374 x 0374	   20.1131	  69.3703995000	  71.4340897000
0375 x 0375 x 0375	   20.1669	  69.3715973000	  71.4358597000
0376 x 0376 x 0376	   20.2207	  69.3672180000	  71.4333572000
0377 x 0377 x 0377	   20.2744	  69.3394775000	  71.4343185000
0378 x 0378 x 0378	   20.3282	  69.4103928000	  71.4359589000
0379 x 0379 x 0379	   20.3820	  69.3784027000	  71.4305496000
0380 x 0380 x 0380	   20.4358	  69.3753815000	  71.4304276000
0381 x 0381 x 0381	   20.4896	  69.3819962000	  71.4332428000
0382 x 0382 x 0382	   20.5433	  69.3804779000	  71.4333267000
0383 x 0383 x 0383	   20.5971	  69.3722229000	  71.4339905000
0384 x 0384 x 0384	   20.6509	  69.3916168000	  71.4337387000
0385 x 0385 x 0385	   20.7047	  69.3914413000	  71.4288864000
0386 x 0386 x 0386	   20.7584	  69.3899765000	  71.4322815000
0387 x 0387 x 0387	   20.8122	  69.3779907000	  71.4307632000
0388 x 0388 x 0388	   20.8660	  69.3581543000	  71.4361877000
0389 x 0389 x 0389	   20.9198	  69.3673172000	  71.4372253000
0390 x 0390 x 0390	   20.9736	  69.3906555000	  71.4344711000
0391 x 0391 x 0391	   21.0273	  69.3624878000	  71.4392929000
0392 x 0392 x 0392	   21.0811	  69.3603821000	  71.4306030000
0393 x 0393 x 0393	   21.1349	  69.4005203000	  71.4279556000
0394 x 0394 x 0394	   21.1887	  69.3834991000	  71.4309921000
0395 x 0395 x 0395	   21.2425	  69.3854828000	  71.4291916000
0396 x 0396 x 0396	   21.2962	  69.3991394000	  71.4345779000
0397 x 0397 x 0397	   21.3500	  69.3709717000	  71.4353867000
0398 x 0398 x 0398	   21.4038	  69.3737946000	  71.4342499000
0399 x 0399 x 0399	   21.4576	  69.4143448000	  71.4362488000
0400 x 0400 x 0400	   21.5113	  69.3936920000	  71.4335175000
0401 x 0401 x 0401	   21.5651	  69.3947372000	  71.4342422000
0402 x 0402 x 0402	   21.6189	  69.3899841000	  71.4355316000
0403 x 0403 x 0403	   21.6727	  69.4008255000	  71.4343948000
0404 x 0404 x 0404	   21.7265	  69.3811264000	  71.4346008000
0405 x 0405 x 0405	   21.7802	  69.3845825000	  71.4331818000
0406 x 0406 x 0406	   21.8340	  69.3984756000	  71.4323349000
0407 x 0407 x 0407	   21.8878	  69.3672638000	  71.4276733000
0408 x 0408 x 0408	   21.9416	  69.4153519000	  71.4349213000
0409 x 0409 x 0409	   21.9953	  69.3736038000	  71.4347687000
0410 x 0410 x 0410	   22.0491	  69.4070282000	  71.4327393000
0411 x 0411 x 0411	   22.1029	  69.4041824000	  71.4336929000
0412 x 0412 x 0412	   22.1567	  69.3813477000	  71.4368668000
0413 x 0413 x 0413	   22.2105	  69.3927841000	  71.4307404000
0414 x 0414 x 0414	   22.2642	  69.3935699000	  71.4378510000
0415 x 0415 x 0415	   22.3180	  69.4089508000	  71.4354782000
0416 x 0416 x 0416	   22.3718	  69.3736954000	  71.4368439000
0417 x 0417 x 0417	   22.4256	  69.3923111000	  71.4341888000
0418 x 0418 x 0418	   22.4794	  69.3995743000	  71.4305649000
0419 x 0419 x 0419	   22.5331	  69.4015579000	  71.4359207000
0420 x 0420 x 0420	   22.5869	  69.4004517000	  71.4330215000
0421 x 0421 x 0421	   22.6407	  69.4023209000	  71.4309006000
0422 x 0422 x 0422	   22.6945	  69.4012527000	  71.4302979000
0423 x 0423 x 0423	   22.7482	  69.4062500000	  71.4381866000
0424 x 0424 x 0424	   22.8020	  69.4096146000	  71.4318008000
0425 x 0425 x 0425	   22.8558	  69.3905029000	  71.4348679000
0426 x 0426 x 0426	   22.9096	  69.3895569000	  71.4327393000
0427 x 0427 x 0427	   22.9634	  69.4041519000	  71.4354248000
0428 x 0428 x 0428	   23.0171	  69.3796997000	  71.4301910000
0429 x 0429 x 0429	   23.0709	  69.3951950000	  71.4345245000
0430 x 0430 x 0430	   23.1247	  69.3977127000	  71.4341202000
0431 x 0431 x 0431	   23.1785	  69.4051590000	  71.4308701000
0432 x 0432 x 0432	   23.2323	  69.4188080000	  71.4365158000
0433 x 0433 x 0433	   23.2860	  69.3879089000	  71.4305496000
0434 x 0434 x 0434	   23.3398	  69.3968506000	  71.4328079000
0435 x 0435 x 0435	   23.3936	  69.4185410000	  71.4323654000
0436 x 0436 x 0436	   23.4474	  69.3991241000	  71.4340744000
0437 x 0437 x 0437	   23.5011	  69.4192276000	  71.4356003000
0438 x 0438 x 0438	   23.5549	  69.3947601000	  71.4339218000
0439 x 0439 x 0439	   23.6087	  69.4098129000	  71.4360123000
0440 x 0440 x 0440	   23.6625	  69.3955688000	  71.4359665000
0441 x 0441 x 0441	   23.7163	  69.3859558000	  71.4325333000
0442 x 0442 x 0442	   23.7700	  69.4008026000	  71.4326019000
0443 x 0443 x 0443	   23.8238	  69.4196396000	  71.4309387000
0444 x 0444 x 0444	   23.8776	  69.4115906000	  71.4349747000
0445 x 0445 x 0445	   23.9314	  69.3903961000	  71.4318542000
0446 x 0446 x 0446	   23.9851	  69.4171524000	  71.4318695000
0447 x 0447 x 0447	   24.0389	  69.3984528000	  71.4335785000
0448 x 0448 x 0448	   24.0927	  69.3937073000	  71.4328156000
0449 x 0449 x 0449	   24.1465	  69.4159470000	  71.4340286000
0450 x 0450 x 0450	   24.2003	  69.4313736000	  71.4331055000
0451 x 0451 x 0451	   24.2540	  69.4440155000	  71.4332886000
0452 x 0452 x 0452	   24.3078	  69.4000931000	  71.4351654000
0453 x 0453 x 0453	   24.3616	  69.4148636000	  71.4327698000
0454 x 0454 x 0454	   24.4154	  69.4006577000	  71.4327393000
0455 x 0455 x 0455	   24.4692	  69.4038239000	  71.4341049000
0456 x 0456 x 0456	   24.5229	  69.4031143000	  71.4340744000
0457 x 0457 x 0457	   24.5767	  69.4102173000	  71.4324799000
0458 x 0458 x 0458	   24.6305	  69.4366684000	  71.4312057000
0459 x 0459 x 0459	   24.6843	  69.4154510000	  71.4335785000
0460 x 0460 x 0460	   24.7380	  69.4097137000	  71.4350052000
0461 x 0461 x 0461	   24.7918	  69.4301987000	  71.4335251000
0462 x 0462 x 0462	   24.8456	  69.3895721000	  71.4339523000
0463 x 0463 x 0463	   24.8994	  69.4188232000	  71.4349060000
0464 x 0464 x 0464	   24.9532	  69.4070740000	  71.4357452000
0465 x 0465 x 0465	   25.0069	  69.4169922000	  71.4358902000
0466 x 0466 x 0466	   25.0607	  69.4119415000	  71.4333572000
0467 x 0467 x 0467	   25.1145	  69.4191055000	  71.4346542000
0468 x 0468 x 0468	   25.1683	  69.3959503000	  71.4330978000
0469 x 0469 x 0469	   25.2221	  69.4160080000	  71.4341736000
0470 x 0470 x 0470	   25.2758	  69.4120255000	  71.4295197000
0471 x 0471 x 0471	   25.3296	  69.4108276000	  71.4322739000
0472 x 0472 x 0472	   25.3834	  69.4311981000	  71.4355545000
0473 x 0473 x 0473	   25.4372	  69.4195557000	  71.4354553000
0474 x 0474 x 0474	   25.4909	  69.4012070000	  71.4318848000
0475 x 0475 x 0475	   25.5447	  69.4240570000	  71.4336700000
0476 x 0476 x 0476	   25.5985	  69.4387589000	  71.4333954000
0477 x 0477 x 0477	   25.6523	  69.4260483000	  71.4342957000
0478 x 0478 x 0478	   25.7061	  69.4173279000	  71.4323425000
0479 x 0479 x 0479	   25.7598	  69.4295197000	  71.4327011000
0480 x 0480 x 0480	   25.8136	  69.4189301000	  71.4323196000
0481 x 0481 x 0481	   25.8674	  69.4223480000	  71.4327850000
0482 x 0482 x 0482	   25.9212	  69.4170074000	  71.4352036000
0483 x 0483 x 0483	   25.9749	  69.4166565000	  71.4307327000
0484 x 0484 x 0484	   26.0287	  69.4263840000	  71.4326782000
0485 x 0485 x 0485	   26.0825	  69.4246140000	  71.4299774000
0486 x 0486 x 0486	   26.1363	  69.4251862000	  71.4349289000
0487 x 0487 x 0487	   26.1901	  69.4155960000	  71.4358902000
0488 x 0488 x 0488	   26.2438	  69.4028168000	  71.4340134000
0489 x 0489 x 0489	   26.2976	  69.4127274000	  71.4347458000
0490 x 0490 x 0490	   26.3514	  69.4308853000	  71.4319534000
0491 x 0491 x 0491	   26.4052	  69.4291306000	  71.4328079000
0492 x 0492 x 0492	   26.4590	  69.4310379000	  71.4323349000
0493 x 0493 x 0493	   26.5127	  69.4239426000	  71.4357758000
0494 x 0494 x 0494	   26.5665	  69.4117813000	  71.4316635000
0495 x 0495 x 0495	   26.6203	  69.4189529000	  71.4308777000
0496 x 0496 x 0496	   26.6741	  69.4255753000	  71.4332886000
0497 x 0497 x 0497	   26.7278	  69.4398193000	  71.4350967000
0498 x 0498 x 0498	   26.7816	  69.4044113000	  71.4336777000
0499 x 0499 x 0499	   26.8354	  69.4378662000	  71.4364319000
0500 x 0500 x 0500	   26.8892	  69.4283295000	  71.4333572000
0501 x 0501 x 0501	   26.9430	  69.4351578000	  71.4354019000
0502 x 0502 x 0502	   26.9967	  69.4300613000	  71.4328918000
0503 x 0503 x 0503	   27.0505	  69.4400101000	  71.4337616000
0504 x 0504 x 0504	   27.1043	  69.4292297000	  71.4343948000
0505 x 0505 x 0505	   27.1581	  69.4295044000	  71.4321823000
0506 x 0506 x 0506	   27.2119	  69.4302902000	  71.4323883000
0507 x 0507 x 0507	   27.2656	  69.4247818000	  71.4326019000
0508 x 0508 x 0508	   27.3194	  69.4207458000	  71.4334641000
0509 x 0509 x 0509	   27.3732	  69.4298477000	  71.4314270000
0510 x 0510 x 0510	   27.4270	  69.4480667000	  71.4336624000
0511 x 0511 x 0511	   27.4807	  69.4471130000	  71.4336319000
0512 x 0512 x 0512	   27.5345	  69.4402008000	  71.4333267000
0513 x 0513 x 0513	   27.5883	  69.4207764000	  71.4298935000
0514 x 0514 x 0514	   27.6421	  69.4349670000	  71.4361191000
0515 x 0515 x 0515	   27.6959	  69.4177780000	  71.4345779000
0516 x 0516 x 0516	   27.7496	  69.4277267000	  71.4330521000
0517 x 0517 x 0517	   27.8034	  69.4487152000	  71.4327087000
0518 x 0518 x 0518	   27.8572	  69.4301224000	  71.4328232000
0519 x 0519 x 0519	   27.9110	  69.4128799000	  71.4321671000
0520 x 0520 x 0520	   27.9647	  69.4529572000	  71.4323578000
0521 x 0521 x 0521	   28.0185	  69.4345322000	  71.4351120000
0522 x 0522 x 0522	   28.0723	  69.4279938000	  71.4323044000
0523 x 0523 x 0523	   28.1261	  69.4390717000	  71.4340210000
0524 x 0524 x 0524	   28.1799	  69.4404449000	  71.4341431000
0526 x 0526 x 0526	   28.2874	  69.4271851000	  71.4313126000
0527 x 0527 x 0527	   28.3412	  69.4378128000	  71.4330673000
0528 x 0528 x 0528	   28.3950	  69.4404678000	  71.4319153000
0529 x 0529 x 0529	   28.4488	  69.4470139000	  71.4331741000
0530 x 0530 x 0530	   28.5025	  69.4196091000	  71.4340057000
0533 x 0533 x 0533	   28.6639	  69.4389496000	  71.4329147000
0534 x 0534 x 0534	   28.7176	  69.4293518000	  71.4339828000
0535 x 0535 x 0535	   28.7714	  69.4426804000	  71.4352875000
0536 x 0536 x 0536	   28.8252	  69.4382629000	  71.4337082000
0537 x 0537 x 0537	   28.8790	  69.4217377000	  71.4357376000
0538 x 0538 x 0538	   28.9328	  69.4361725000	  71.4335022000
0539 x 0539 x 0539	   28.9865	  69.4335861000	  71.4354248000
0540 x 0540 x 0540	   29.0403	  69.4314346000	  71.4336777000
0541 x 0541 x 0541	   29.0941	  69.4297638000	  71.4336090000
0542 x 0542 x 0542	   29.1479	  69.4359665000	  71.4340134000
0543 x 0543 x 0543	   29.2016	  69.4383240000	  71.4337082000
0544 x 0544 x 0544	   29.2554	  69.4207993000	  71.4329071000
0546 x 0546 x 0546	   29.3630	  69.4451141000	  71.4327240000
0547 x 0547 x 0547	   29.4168	  69.4412537000	  71.4346161000
0548 x 0548 x 0548	   29.4705	  69.4251480000	  71.4325867000
0549 x 0549 x 0549	   29.5243	  69.4445572000	  71.4317245000
