Grid		 	    Points/A	  Phi_acc	 Phi_void
0001 x 0002 x 0002	    0.0583	  75.0000000000	 100.0000000000
0002 x 0003 x 0003	    0.1166	  94.4444427000	 100.0000000000
0003 x 0005 x 0005	    0.1750	  72.0000000000	  86.6666641000
0004 x 0006 x 0006	    0.2333	  75.0000000000	  88.8888931000
0005 x 0007 x 0008	    0.2916	  71.0714264000	  86.7857132000
0006 x 0009 x 0009	    0.3499	  71.8106995000	  87.4485626000
0007 x 0010 x 0011	    0.4082	  69.6103897000	  87.7922058000
0008 x 0011 x 0012	    0.4666	  71.2121201000	  88.4469681000
0009 x 0013 x 0014	    0.5249	  69.9633713000	  88.0341873000
0010 x 0014 x 0015	    0.5832	  70.0952377000	  88.4285660000
0011 x 0015 x 0017	    0.6415	  69.6969681000	  87.4153290000
0012 x 0017 x 0018	    0.6998	  70.4520721000	  87.8812637000
0013 x 0018 x 0020	    0.7582	  69.8076935000	  87.4786301000
0014 x 0020 x 0021	    0.8165	  78.4353714000	  87.7891159000
0015 x 0021 x 0023	    0.8748	  81.7529297000	  87.7156677000
0016 x 0022 x 0024	    0.9331	  81.7945099000	  87.6420441000
0017 x 0024 x 0026	    0.9914	  81.3725433000	  87.8299408000
0018 x 0025 x 0027	    1.0497	  80.3950577000	  87.6543198000
0019 x 0026 x 0028	    1.1081	  80.1330261000	  87.7241211000
0020 x 0028 x 0030	    1.1664	  83.8571396000	  87.8928528000
0021 x 0029 x 0031	    1.2247	  84.2099686000	  87.7800674000
0022 x 0030 x 0033	    1.2830	  83.6363602000	  87.6951370000
0023 x 0032 x 0034	    1.3413	  83.2241058000	  87.6478577000
0024 x 0033 x 0036	    1.3997	  82.7616425000	  87.6718597000
0025 x 0035 x 0037	    1.4580	  84.2501907000	  87.8331985000
0026 x 0036 x 0039	    1.5163	  83.6483688000	  87.6643677000
0027 x 0037 x 0040	    1.5746	  83.3308258000	  87.7127075000
0029 x 0040 x 0043	    1.6913	  84.4306335000	  87.7967148000
0030 x 0041 x 0045	    1.7496	  83.8879852000	  87.7362213000
0031 x 0043 x 0046	    1.8079	  83.4551010000	  87.7817307000
0032 x 0044 x 0048	    1.8662	  85.4432983000	  87.7737350000
0033 x 0045 x 0049	    1.9245	  85.1948013000	  87.7289886000
0034 x 0047 x 0051	    1.9829	  84.7088242000	  87.7101288000
0035 x 0048 x 0052	    2.0412	  85.8711090000	  87.6819992000
0036 x 0049 x 0054	    2.0995	  85.5190201000	  87.7204590000
0037 x 0051 x 0055	    2.1578	  85.0758820000	  87.7506409000
0038 x 0052 x 0056	    2.2161	  84.8449249000	  87.7367706000
0039 x 0054 x 0058	    2.2745	  84.3697815000	  87.7664795000
0040 x 0055 x 0059	    2.3328	  84.1217270000	  87.7434464000
0041 x 0056 x 0061	    2.3911	  84.9053268000	  87.7606125000
0042 x 0058 x 0062	    2.4494	  84.6363678000	  87.7767639000
0043 x 0059 x 0064	    2.5077	  85.9405823000	  87.7672882000
0044 x 0060 x 0065	    2.5660	  85.7022171000	  87.7400970000
0045 x 0062 x 0067	    2.6244	  85.6973190000	  87.7424698000
0046 x 0063 x 0068	    2.6827	  85.7229080000	  87.7415466000
0047 x 0064 x 0070	    2.7410	  85.6064758000	  87.7498093000
0048 x 0066 x 0071	    2.7993	  85.7327728000	  87.7778625000
0049 x 0067 x 0073	    2.8576	  85.4735260000	  87.7530136000
0050 x 0069 x 0074	    2.9160	  85.5448456000	  87.7724228000
0051 x 0070 x 0076	    2.9743	  85.4688187000	  87.7882156000
0052 x 0071 x 0077	    3.0326	  85.7895584000	  87.7442932000
0053 x 0073 x 0079	    3.0909	  85.8528214000	  87.7638245000
0054 x 0074 x 0080	    3.1492	  86.0329056000	  87.7399292000
0055 x 0075 x 0082	    3.2076	  85.8084259000	  87.7339249000
0056 x 0077 x 0083	    3.2659	  85.5321121000	  87.7576141000
0057 x 0078 x 0084	    3.3242	  85.4352798000	  87.7541046000
0058 x 0079 x 0086	    3.3825	  85.4920120000	  87.7782669000
0059 x 0081 x 0087	    3.4408	  86.2145996000	  87.7538910000
0060 x 0082 x 0089	    3.4992	  85.9922791000	  87.7521210000
0061 x 0083 x 0090	    3.5575	  86.2194138000	  87.7786560000
0062 x 0085 x 0092	    3.6158	  86.0457077000	  87.7458572000
0063 x 0086 x 0093	    3.6741	  86.0526657000	  87.7544785000
0064 x 0088 x 0095	    3.7324	  86.0821609000	  87.7597961000
0065 x 0089 x 0096	    3.7908	  85.9199448000	  87.7576675000
0066 x 0090 x 0098	    3.8491	  86.1794815000	  87.7576752000
0067 x 0092 x 0099	    3.9074	  86.1869812000	  87.7670288000
0068 x 0093 x 0101	    3.9657	  85.9687424000	  87.7637253000
0069 x 0094 x 0102	    4.0240	  85.8370667000	  87.7647476000
0070 x 0096 x 0104	    4.0823	  86.0177689000	  87.7805862000
0071 x 0097 x 0105	    4.1407	  85.8426132000	  87.7733765000
0072 x 0098 x 0107	    4.1990	  86.1031647000	  87.7480774000
0073 x 0100 x 0108	    4.2573	  86.3924408000	  87.7625580000
0074 x 0101 x 0109	    4.3156	  86.2401276000	  87.7682419000
0075 x 0103 x 0111	    4.3739	  86.2516098000	  87.7583618000
0076 x 0104 x 0112	    4.4323	  86.1399307000	  87.7617340000
0077 x 0105 x 0114	    4.4906	  86.4924164000	  87.7541275000
0078 x 0107 x 0115	    4.5489	  86.3476410000	  87.7685699000
0079 x 0108 x 0117	    4.6072	  86.2997437000	  87.7625122000
0080 x 0109 x 0118	    4.6655	  86.1701126000	  87.7597733000
0081 x 0111 x 0120	    4.7239	  86.0734787000	  87.7655411000
0082 x 0112 x 0121	    4.7822	  86.2273026000	  87.7562790000
0083 x 0113 x 0123	    4.8405	  86.2213364000	  87.7637939000
0084 x 0115 x 0124	    4.8988	  86.2813873000	  87.7521210000
0085 x 0116 x 0126	    4.9571	  86.2971344000	  87.7531433000
0086 x 0117 x 0127	    5.0155	  86.4280014000	  87.7651443000
0087 x 0119 x 0129	    5.0738	  86.3128510000	  87.7676926000
0088 x 0120 x 0130	    5.1321	  86.4498825000	  87.7612152000
0089 x 0122 x 0132	    5.1904	  86.3376160000	  87.7712708000
0090 x 0123 x 0133	    5.2487	  86.2326584000	  87.7577438000
0091 x 0124 x 0135	    5.3071	  86.2548141000	  87.7622833000
0092 x 0126 x 0136	    5.3654	  86.4896088000	  87.7600708000
0093 x 0127 x 0137	    5.4237	  86.4358215000	  87.7574844000
0094 x 0128 x 0139	    5.4820	  86.4280396000	  87.7554932000
0095 x 0130 x 0140	    5.5403	  86.3825302000	  87.7480621000
0096 x 0131 x 0142	    5.5986	  86.5033569000	  87.7563019000
0097 x 0132 x 0143	    5.6570	  86.5232773000	  87.7592850000
0098 x 0134 x 0145	    5.7153	  86.3368759000	  87.7500076000
0099 x 0135 x 0146	    5.7736	  86.2712860000	  87.7569199000
0100 x 0137 x 0148	    5.8319	  86.4225693000	  87.7613449000
0101 x 0138 x 0149	    5.8902	  86.5611954000	  87.7571945000
0102 x 0139 x 0151	    5.9486	  86.5110931000	  87.7638016000
0103 x 0141 x 0152	    6.0069	  86.4696426000	  87.7642365000
0104 x 0142 x 0154	    6.0652	  86.5334473000	  87.7596054000
0105 x 0143 x 0155	    6.1235	  86.6543350000	  87.7604141000
0106 x 0145 x 0157	    6.1818	  86.4808197000	  87.7595520000
0107 x 0146 x 0158	    6.2402	  86.5274811000	  87.7612534000
0108 x 0147 x 0160	    6.2985	  86.5188751000	  87.7591934000
0109 x 0149 x 0161	    6.3568	  86.4619522000	  87.7604828000
0110 x 0150 x 0163	    6.4151	  86.5135880000	  87.7611465000
0111 x 0151 x 0164	    6.4734	  86.4070740000	  87.7626801000
0112 x 0153 x 0165	    6.5318	  86.4896927000	  87.7606277000
0113 x 0154 x 0167	    6.5901	  86.5138702000	  87.7565842000
0114 x 0156 x 0168	    6.6484	  86.3975143000	  87.7573853000
0115 x 0157 x 0170	    6.7067	  86.5173111000	  87.7546082000
0116 x 0158 x 0171	    6.7650	  86.6205063000	  87.7625656000
0117 x 0160 x 0173	    6.8234	  86.5764465000	  87.7586670000
0118 x 0161 x 0174	    6.8817	  86.5727234000	  87.7584534000
0119 x 0162 x 0176	    6.9400	  86.6063156000	  87.7590637000
0120 x 0164 x 0177	    6.9983	  86.5563660000	  87.7586594000
0121 x 0165 x 0179	    7.0566	  86.5135803000	  87.7570419000
0122 x 0166 x 0180	    7.1149	  86.5013580000	  87.7648010000
0123 x 0168 x 0182	    7.1733	  86.6279373000	  87.7576828000
0124 x 0169 x 0183	    7.2316	  86.5965271000	  87.7602768000
0125 x 0171 x 0185	    7.2899	  86.5859451000	  87.7584229000
0126 x 0172 x 0186	    7.3482	  86.6123276000	  87.7573547000
0127 x 0173 x 0188	    7.4065	  86.5103836000	  87.7547531000
0128 x 0175 x 0189	    7.4649	  86.4768066000	  87.7511826000
0129 x 0176 x 0190	    7.5232	  86.6268158000	  87.7580795000
0130 x 0177 x 0192	    7.5815	  86.6163712000	  87.7592392000
0131 x 0179 x 0193	    7.6398	  86.6211853000	  87.7570953000
0132 x 0180 x 0195	    7.6981	  86.5913620000	  87.7623901000
0133 x 0181 x 0196	    7.7565	  86.6484070000	  87.7576218000
0134 x 0183 x 0198	    7.8148	  86.5475922000	  87.7621078000
0135 x 0184 x 0199	    7.8731	  86.6929474000	  87.7606812000
0136 x 0185 x 0201	    7.9314	  86.6870346000	  87.7578506000
0137 x 0187 x 0202	    7.9897	  86.6106262000	  87.7582550000
0138 x 0188 x 0204	    8.0481	  86.5890274000	  87.7584915000
0139 x 0190 x 0205	    8.1064	  86.5848694000	  87.7599182000
0140 x 0191 x 0207	    8.1647	  86.5298157000	  87.7606659000
0141 x 0192 x 0208	    8.2230	  86.5704117000	  87.7626724000
0142 x 0194 x 0210	    8.2813	  86.6528244000	  87.7617416000
0143 x 0195 x 0211	    8.3397	  86.6326752000	  87.7558899000
0144 x 0196 x 0213	    8.3980	  86.7058716000	  87.7585297000
0145 x 0198 x 0214	    8.4563	  86.6230469000	  87.7560959000
0146 x 0199 x 0216	    8.5146	  86.6470184000	  87.7576294000
0147 x 0200 x 0217	    8.5729	  86.6598511000	  87.7605743000
0148 x 0202 x 0218	    8.6312	  86.6741104000	  87.7611923000
0149 x 0203 x 0220	    8.6896	  86.6593323000	  87.7606354000
0150 x 0205 x 0221	    8.7479	  86.7070312000	  87.7604828000
0151 x 0206 x 0223	    8.8062	  86.6121902000	  87.7612915000
0152 x 0207 x 0224	    8.8645	  86.6583481000	  87.7631989000
0153 x 0209 x 0226	    8.9228	  86.6597977000	  87.7579880000
0154 x 0210 x 0227	    8.9812	  86.6769104000	  87.7585068000
0155 x 0211 x 0229	    9.0395	  86.6819382000	  87.7601089000
0156 x 0213 x 0230	    9.0978	  86.6241074000	  87.7568817000
0157 x 0214 x 0232	    9.1561	  86.6575470000	  87.7606277000
0158 x 0215 x 0233	    9.2144	  86.7151108000	  87.7582321000
0159 x 0217 x 0235	    9.2728	  86.6310959000	  87.7598267000
0160 x 0218 x 0236	    9.3311	  86.7053070000	  87.7596283000
0161 x 0219 x 0238	    9.3894	  86.6964722000	  87.7632523000
0162 x 0221 x 0239	    9.4477	  86.6719208000	  87.7606964000
0163 x 0222 x 0241	    9.5060	  86.6981354000	  87.7611313000
0164 x 0224 x 0242	    9.5644	  86.6883240000	  87.7584000000
0165 x 0225 x 0244	    9.6227	  86.6998215000	  87.7579117000
0166 x 0226 x 0245	    9.6810	  86.7038879000	  87.7586823000
0167 x 0228 x 0246	    9.7393	  86.6848984000	  87.7580643000
0168 x 0229 x 0248	    9.7976	  86.6996155000	  87.7577362000
0169 x 0230 x 0249	    9.8560	  86.6923218000	  87.7597656000
0170 x 0232 x 0251	    9.9143	  86.6911621000	  87.7581558000
0171 x 0233 x 0252	    9.9726	  86.6394958000	  87.7628708000
0172 x 0234 x 0254	   10.0309	  86.6665802000	  87.7620316000
0173 x 0236 x 0255	   10.0892	  86.7350159000	  87.7588425000
0174 x 0237 x 0257	   10.1475	  86.6975861000	  87.7605972000
0175 x 0239 x 0258	   10.2059	  86.7596817000	  87.7582169000
0176 x 0240 x 0260	   10.2642	  86.7269135000	  87.7584534000
0177 x 0241 x 0261	   10.3225	  86.7464066000	  87.7588959000
0178 x 0243 x 0263	   10.3808	  86.7341843000	  87.7566528000
0179 x 0244 x 0264	   10.4391	  86.7151718000	  87.7590408000
0180 x 0245 x 0266	   10.4975	  86.6830750000	  87.7586823000
0181 x 0247 x 0267	   10.5558	  86.6976776000	  87.7584000000
0182 x 0248 x 0269	   10.6141	  86.7432175000	  87.7599869000
0183 x 0249 x 0270	   10.6724	  86.7414169000	  87.7592163000
0184 x 0251 x 0272	   10.7307	  86.7389145000	  87.7598038000
0185 x 0252 x 0273	   10.7891	  86.6854095000	  87.7611008000
0186 x 0253 x 0274	   10.8474	  86.7173767000	  87.7581711000
0187 x 0255 x 0276	   10.9057	  86.7540207000	  87.7589645000
0188 x 0256 x 0277	   10.9640	  86.7770462000	  87.7570801000
0189 x 0258 x 0279	   11.0223	  86.7339554000	  87.7588577000
0190 x 0259 x 0280	   11.0807	  86.7173462000	  87.7581635000
0191 x 0260 x 0282	   11.1390	  86.7387619000	  87.7614136000
0192 x 0262 x 0283	   11.1973	  86.7468491000	  87.7605209000
0193 x 0263 x 0285	   11.2556	  86.7584610000	  87.7591095000
0194 x 0264 x 0286	   11.3139	  86.7331009000	  87.7611618000
0195 x 0266 x 0288	   11.3723	  86.7775116000	  87.7586288000
0196 x 0267 x 0289	   11.4306	  86.7296677000	  87.7592239000
0197 x 0268 x 0291	   11.4889	  86.7452698000	  87.7599869000
0198 x 0270 x 0292	   11.5472	  86.6729889000	  87.7580872000
0199 x 0271 x 0294	   11.6055	  86.7651901000	  87.7594376000
0200 x 0273 x 0295	   11.6638	  86.7487793000	  87.7593536000
0201 x 0274 x 0297	   11.7222	  86.7709732000	  87.7600250000
0202 x 0275 x 0298	   11.7805	  86.7545013000	  87.7604218000
0203 x 0277 x 0299	   11.8388	  86.7671204000	  87.7586441000
0204 x 0278 x 0301	   11.8971	  86.7399368000	  87.7595596000
0205 x 0279 x 0302	   11.9554	  86.7484436000	  87.7598190000
0206 x 0281 x 0304	   12.0138	  86.7429886000	  87.7597198000
0207 x 0282 x 0305	   12.0721	  86.7990036000	  87.7599106000
0208 x 0283 x 0307	   12.1304	  86.7731552000	  87.7583084000
0209 x 0285 x 0308	   12.1887	  86.7703705000	  87.7583389000
0210 x 0286 x 0310	   12.2470	  86.7568512000	  87.7581177000
0211 x 0287 x 0311	   12.3054	  86.7778854000	  87.7606659000
0212 x 0289 x 0313	   12.3637	  86.7596512000	  87.7612076000
0213 x 0290 x 0314	   12.4220	  86.7814407000	  87.7596664000
0214 x 0292 x 0316	   12.4803	  86.7609406000	  87.7593994000
0215 x 0293 x 0317	   12.5386	  86.7701416000	  87.7598648000
0216 x 0294 x 0319	   12.5970	  86.7692719000	  87.7595673000
0217 x 0296 x 0320	   12.6553	  86.7881393000	  87.7585754000
0218 x 0297 x 0322	   12.7136	  86.7865219000	  87.7589874000
0219 x 0298 x 0323	   12.7719	  86.7949066000	  87.7602844000
0220 x 0300 x 0325	   12.8302	  86.7919235000	  87.7593842000
0221 x 0301 x 0326	   12.8886	  86.7545624000	  87.7594070000
0222 x 0302 x 0327	   12.9469	  86.7704239000	  87.7594910000
0223 x 0304 x 0329	   13.0052	  86.7815781000	  87.7601089000
0224 x 0305 x 0330	   13.0635	  86.7976379000	  87.7588654000
0225 x 0307 x 0332	   13.1218	  86.7718430000	  87.7585831000
0226 x 0308 x 0333	   13.1801	  86.8021011000	  87.7598190000
0227 x 0309 x 0335	   13.2385	  86.7776642000	  87.7609177000
0228 x 0311 x 0336	   13.2968	  86.7687912000	  87.7587280000
0229 x 0312 x 0338	   13.3551	  86.7777863000	  87.7589798000
0230 x 0313 x 0339	   13.4134	  86.7855377000	  87.7586670000
0231 x 0315 x 0341	   13.4717	  86.8065338000	  87.7612381000
0232 x 0316 x 0342	   13.5301	  86.7783813000	  87.7618332000
0233 x 0317 x 0344	   13.5884	  86.8135910000	  87.7596893000
0234 x 0319 x 0345	   13.6467	  86.7984085000	  87.7603302000
0235 x 0320 x 0347	   13.7050	  86.8085709000	  87.7594147000
0236 x 0321 x 0348	   13.7633	  86.7990952000	  87.7597961000
0237 x 0323 x 0350	   13.8217	  86.8054733000	  87.7593079000
0238 x 0324 x 0351	   13.8800	  86.7894516000	  87.7593918000
0239 x 0326 x 0353	   13.9383	  86.7905884000	  87.7597961000
0240 x 0327 x 0354	   13.9966	  86.8010406000	  87.7596359000
0241 x 0328 x 0355	   14.0549	  86.7658691000	  87.7591400000
0242 x 0330 x 0357	   14.1133	  86.7768860000	  87.7590942000
0243 x 0331 x 0358	   14.1716	  86.7873688000	  87.7594604000
0244 x 0332 x 0360	   14.2299	  86.7968826000	  87.7603531000
0245 x 0334 x 0361	   14.2882	  86.8227463000	  87.7595062000
0246 x 0335 x 0363	   14.3465	  86.8184357000	  87.7591934000
0247 x 0336 x 0364	   14.4049	  86.8127899000	  87.7587433000
0248 x 0338 x 0366	   14.4632	  86.8251038000	  87.7598495000
0249 x 0339 x 0367	   14.5215	  86.7818451000	  87.7591095000
0250 x 0341 x 0369	   14.5798	  86.8187332000	  87.7592468000
0251 x 0342 x 0370	   14.6381	  86.8153381000	  87.7598648000
0252 x 0343 x 0372	   14.6964	  86.7856293000	  87.7609177000
0253 x 0345 x 0373	   14.7548	  86.8179398000	  87.7593384000
0254 x 0346 x 0375	   14.8131	  86.8112564000	  87.7604370000
0255 x 0347 x 0376	   14.8714	  86.8079453000	  87.7591248000
0256 x 0349 x 0378	   14.9297	  86.8094025000	  87.7584152000
0257 x 0350 x 0379	   14.9880	  86.8115997000	  87.7595749000
0258 x 0351 x 0380	   15.0464	  86.8533325000	  87.7591171000
0259 x 0353 x 0382	   15.1047	  86.8265533000	  87.7602539000
0260 x 0354 x 0383	   15.1630	  86.8243790000	  87.7590027000
0261 x 0355 x 0385	   15.2213	  86.8119812000	  87.7597351000
0262 x 0357 x 0386	   15.2796	  86.7916489000	  87.7596741000
0263 x 0358 x 0388	   15.3380	  86.8230896000	  87.7600327000
0264 x 0360 x 0389	   15.3963	  86.8469696000	  87.7589188000
0265 x 0361 x 0391	   15.4546	  86.8279648000	  87.7592163000
0266 x 0362 x 0392	   15.5129	  86.8198547000	  87.7579498000
0267 x 0364 x 0394	   15.5712	  86.8319168000	  87.7582321000
0268 x 0365 x 0395	   15.6296	  86.8074493000	  87.7593231000
0269 x 0366 x 0397	   15.6879	  86.8277130000	  87.7591782000
0270 x 0368 x 0398	   15.7462	  86.8134232000	  87.7598190000
0271 x 0369 x 0400	   15.8045	  86.8110580000	  87.7604523000
0272 x 0370 x 0401	   15.8628	  86.8300247000	  87.7597733000
0273 x 0372 x 0403	   15.9212	  86.8353119000	  87.7601089000
0274 x 0373 x 0404	   15.9795	  86.8030777000	  87.7589035000
0275 x 0375 x 0406	   16.0378	  86.8372650000	  87.7592163000
0276 x 0376 x 0407	   16.0961	  86.8420029000	  87.7596893000
0277 x 0377 x 0408	   16.1544	  86.8289261000	  87.7594299000
0278 x 0379 x 0410	   16.2127	  86.8371658000	  87.7589035000
0279 x 0380 x 0411	   16.2711	  86.8334732000	  87.7592773000
0280 x 0381 x 0413	   16.3294	  86.8040619000	  87.7594223000
0281 x 0383 x 0414	   16.3877	  86.8344421000	  87.7601547000
0282 x 0384 x 0416	   16.4460	  86.8412704000	  87.7605286000
0283 x 0385 x 0417	   16.5043	  86.8261566000	  87.7593613000
0284 x 0387 x 0419	   16.5627	  86.8350067000	  87.7595978000
0285 x 0388 x 0420	   16.6210	  86.8341293000	  87.7597351000
0286 x 0389 x 0422	   16.6793	  86.8191147000	  87.7587357000
0287 x 0391 x 0423	   16.7376	  86.8351212000	  87.7597122000
0288 x 0392 x 0425	   16.7959	  86.8443756000	  87.7599030000
0289 x 0394 x 0426	   16.8543	  86.8462143000	  87.7587891000
0290 x 0395 x 0428	   16.9126	  86.8352661000	  87.7597809000
0291 x 0396 x 0429	   16.9709	  86.8413162000	  87.7589188000
0292 x 0398 x 0431	   17.0292	  86.8416519000	  87.7598419000
0293 x 0399 x 0432	   17.0875	  86.8390732000	  87.7603455000
0294 x 0400 x 0434	   17.1459	  86.8209457000	  87.7594986000
0295 x 0402 x 0435	   17.2042	  86.8510818000	  87.7590332000
0296 x 0403 x 0436	   17.2625	  86.8461990000	  87.7596054000
0297 x 0404 x 0438	   17.3208	  86.8216629000	  87.7593079000
0298 x 0406 x 0439	   17.3791	  86.8430023000	  87.7608566000
0299 x 0407 x 0441	   17.4375	  86.8367386000	  87.7597656000
0300 x 0409 x 0442	   17.4958	  86.8470764000	  87.7589264000
0301 x 0410 x 0444	   17.5541	  86.8319397000	  87.7600403000
0302 x 0411 x 0445	   17.6124	  86.8462753000	  87.7593384000
0303 x 0413 x 0447	   17.6707	  86.8522797000	  87.7593842000
0304 x 0414 x 0448	   17.7290	  86.8501282000	  87.7614288000
0305 x 0415 x 0450	   17.7874	  86.8368301000	  87.7595139000
0306 x 0417 x 0451	   17.8457	  86.8586884000	  87.7596359000
0307 x 0418 x 0453	   17.9040	  86.8572083000	  87.7600327000
0308 x 0419 x 0454	   17.9623	  86.8353424000	  87.7585373000
0309 x 0421 x 0456	   18.0206	  86.8478928000	  87.7589417000
0310 x 0422 x 0457	   18.0790	  86.8485107000	  87.7593613000
0311 x 0423 x 0459	   18.1373	  86.8462448000	  87.7595215000
0312 x 0425 x 0460	   18.1956	  86.8452454000	  87.7600479000
0313 x 0426 x 0462	   18.2539	  86.8245926000	  87.7597046000
0314 x 0428 x 0463	   18.3122	  86.8342972000	  87.7597122000
0315 x 0429 x 0464	   18.3706	  86.8678360000	  87.7596970000
0316 x 0430 x 0466	   18.4289	  86.8602219000	  87.7590866000
0317 x 0432 x 0467	   18.4872	  86.8533325000	  87.7600098000
0318 x 0433 x 0469	   18.5455	  86.8476715000	  87.7594604000
0319 x 0434 x 0470	   18.6038	  86.8519440000	  87.7595062000
0320 x 0436 x 0472	   18.6622	  86.8501511000	  87.7590561000
0321 x 0437 x 0473	   18.7205	  86.8439865000	  87.7595749000
0322 x 0438 x 0475	   18.7788	  86.8536377000	  87.7600479000
0323 x 0440 x 0476	   18.8371	  86.8496399000	  87.7603531000
0324 x 0441 x 0478	   18.8954	  86.8561554000	  87.7597427000
0325 x 0443 x 0479	   18.9538	  86.8517761000	  87.7598114000
0326 x 0444 x 0481	   19.0121	  86.8562241000	  87.7598877000
0327 x 0445 x 0482	   19.0704	  86.8526611000	  87.7596664000
0328 x 0447 x 0484	   19.1287	  86.8383865000	  87.7592316000
0329 x 0448 x 0485	   19.1870	  86.8621521000	  87.7595901000
0330 x 0449 x 0487	   19.2453	  86.8594971000	  87.7593842000
0331 x 0451 x 0488	   19.3037	  86.8535538000	  87.7593002000
0332 x 0452 x 0489	   19.3620	  86.8543625000	  87.7595062000
0333 x 0453 x 0491	   19.4203	  86.8497009000	  87.7593613000
0334 x 0455 x 0492	   19.4786	  86.8749466000	  87.7601318000
0335 x 0456 x 0494	   19.5369	  86.8743362000	  87.7596664000
0336 x 0458 x 0495	   19.5953	  86.8568497000	  87.7599564000
0337 x 0459 x 0497	   19.6536	  86.8577957000	  87.7596970000
0338 x 0460 x 0498	   19.7119	  86.8563690000	  87.7594757000
0339 x 0462 x 0500	   19.7702	  86.8576050000	  87.7594910000
0340 x 0463 x 0501	   19.8285	  86.8668060000	  87.7590561000
0341 x 0464 x 0503	   19.8869	  86.8684158000	  87.7595901000
0342 x 0466 x 0504	   19.9452	  86.8605728000	  87.7602310000
0343 x 0467 x 0506	   20.0035	  86.8445129000	  87.7595596000
0344 x 0468 x 0507	   20.0618	  86.8545151000	  87.7594528000
0345 x 0470 x 0509	   20.1201	  86.8600998000	  87.7597427000
0346 x 0471 x 0510	   20.1785	  86.8753738000	  87.7591171000
0347 x 0472 x 0512	   20.2368	  86.8663712000	  87.7588043000
0348 x 0474 x 0513	   20.2951	  86.8780518000	  87.7595520000
0349 x 0475 x 0515	   20.3534	  86.8684692000	  87.7599030000
0350 x 0477 x 0516	   20.4117	  86.8627319000	  87.7593231000
0351 x 0478 x 0517	   20.4701	  86.8643265000	  87.7594910000
0352 x 0479 x 0519	   20.5284	  86.8580933000	  87.7594833000
0353 x 0481 x 0520	   20.5867	  86.8632126000	  87.7598419000
0354 x 0482 x 0522	   20.6450	  86.8708191000	  87.7597351000
0355 x 0483 x 0523	   20.7033	  86.8600693000	  87.7597961000
0356 x 0485 x 0525	   20.7616	  86.8690643000	  87.7592239000
0357 x 0486 x 0526	   20.8200	  86.8465881000	  87.7592163000
0358 x 0487 x 0528	   20.8783	  86.8697739000	  87.7596893000
0359 x 0489 x 0529	   20.9366	  86.8705902000	  87.7592010000
0360 x 0490 x 0531	   20.9949	  86.8759842000	  87.7593689000
0361 x 0492 x 0532	   21.0532	  86.8670578000	  87.7595062000
0362 x 0493 x 0534	   21.1116	  86.8715668000	  87.7601166000
0363 x 0494 x 0535	   21.1699	  86.8686981000	  87.7595520000
0364 x 0496 x 0537	   21.2282	  86.8767700000	  87.7596970000
0365 x 0497 x 0538	   21.2865	  86.8705673000	  87.7594299000
0366 x 0498 x 0540	   21.3448	  86.8701248000	  87.7595062000
0367 x 0500 x 0541	   21.4032	  86.8699341000	  87.7594910000
0368 x 0501 x 0543	   21.4615	  86.8694687000	  87.7599182000
0369 x 0502 x 0544	   21.5198	  86.8797684000	  87.7594147000
0370 x 0504 x 0545	   21.5781	  86.8580627000	  87.7590637000
0371 x 0505 x 0547	   21.6364	  86.8703842000	  87.7596893000
0372 x 0506 x 0548	   21.6948	  86.8737946000	  87.7602005000
0373 x 0508 x 0550	   21.7531	  86.8725204000	  87.7601776000
0374 x 0509 x 0551	   21.8114	  86.8701553000	  87.7593307000
0375 x 0511 x 0553	   21.8697	  86.8801804000	  87.7595291000
0376 x 0512 x 0554	   21.9280	  86.8793793000	  87.7590485000
0377 x 0513 x 0556	   21.9864	  86.8693542000	  87.7592850000
0378 x 0515 x 0557	   22.0447	  86.8763733000	  87.7594376000
0379 x 0516 x 0559	   22.1030	  86.8700867000	  87.7594910000
0380 x 0517 x 0560	   22.1613	  86.8778458000	  87.7592163000
0381 x 0519 x 0562	   22.2196	  86.8724442000	  87.7599945000
0382 x 0520 x 0563	   22.2779	  86.8757706000	  87.7598038000
0383 x 0521 x 0565	   22.3363	  86.8669815000	  87.7596130000
0384 x 0523 x 0566	   22.3946	  86.8705673000	  87.7599030000
0385 x 0524 x 0568	   22.4529	  86.8769150000	  87.7594376000
0386 x 0526 x 0569	   22.5112	  86.8817596000	  87.7595749000
0387 x 0527 x 0570	   22.5695	  86.8781433000	  87.7588882000
0388 x 0528 x 0572	   22.6279	  86.8815536000	  87.7594223000
0389 x 0530 x 0573	   22.6862	  86.8812408000	  87.7596817000
0390 x 0531 x 0575	   22.7445	  86.8804321000	  87.7594910000
0391 x 0532 x 0576	   22.8028	  86.8873596000	  87.7597122000
0392 x 0534 x 0578	   22.8611	  86.8793869000	  87.7601013000
0393 x 0535 x 0579	   22.9195	  86.8833694000	  87.7598572000
0394 x 0536 x 0581	   22.9778	  86.8749466000	  87.7597961000
0395 x 0538 x 0582	   23.0361	  86.8746185000	  87.7600098000
0396 x 0539 x 0584	   23.0944	  86.8670425000	  87.7591858000
0397 x 0540 x 0585	   23.1527	  86.8785172000	  87.7597351000
0398 x 0542 x 0587	   23.2111	  86.8799591000	  87.7594223000
0399 x 0543 x 0588	   23.2694	  86.8807831000	  87.7590027000
0400 x 0545 x 0590	   23.3277	  86.8789749000	  87.7594223000
0401 x 0546 x 0591	   23.3860	  86.8766479000	  87.7596893000
0402 x 0547 x 0593	   23.4443	  86.8762360000	  87.7595291000
0403 x 0549 x 0594	   23.5027	  86.8819733000	  87.7600708000
0404 x 0550 x 0596	   23.5610	  86.8786087000	  87.7595825000
0405 x 0551 x 0597	   23.6193	  86.8852844000	  87.7594910000
0406 x 0553 x 0598	   23.6776	  86.8838425000	  87.7590103000
0407 x 0554 x 0600	   23.7359	  86.8899384000	  87.7594376000
0408 x 0555 x 0601	   23.7942	  86.8751373000	  87.7597809000
0409 x 0557 x 0603	   23.8526	  86.8836975000	  87.7595520000
0410 x 0558 x 0604	   23.9109	  86.8811951000	  87.7593384000
0411 x 0560 x 0606	   23.9692	  86.8825836000	  87.7601013000
0412 x 0561 x 0607	   24.0275	  86.8715591000	  87.7594910000
0413 x 0562 x 0609	   24.0858	  86.8825226000	  87.7599869000
0414 x 0564 x 0610	   24.1442	  86.8735275000	  87.7596893000
0415 x 0565 x 0612	   24.2025	  86.8856506000	  87.7595139000
0416 x 0566 x 0613	   24.2608	  86.8851624000	  87.7594910000
0417 x 0568 x 0615	   24.3191	  86.8896866000	  87.7596588000
0418 x 0569 x 0616	   24.3774	  86.8865051000	  87.7592239000
0419 x 0570 x 0618	   24.4358	  86.8853760000	  87.7592010000
0420 x 0572 x 0619	   24.4941	  86.8782578000	  87.7596436000
0421 x 0573 x 0621	   24.5524	  86.8940811000	  87.7593842000
0422 x 0574 x 0622	   24.6107	  86.8857651000	  87.7600479000
0423 x 0576 x 0624	   24.6690	  86.8887711000	  87.7599792000
0424 x 0577 x 0625	   24.7274	  86.8842545000	  87.7594147000
0425 x 0579 x 0626	   24.7857	  86.8917847000	  87.7596207000
0426 x 0580 x 0628	   24.8440	  86.8874893000	  87.7593842000
0427 x 0581 x 0629	   24.9023	  86.8902588000	  87.7599106000
0428 x 0583 x 0631	   24.9606	  86.8828506000	  87.7595139000
0429 x 0584 x 0632	   25.0190	  86.8938828000	  87.7597733000
0430 x 0585 x 0634	   25.0773	  86.8940659000	  87.7597275000
0431 x 0587 x 0635	   25.1356	  86.8926392000	  87.7595825000
0432 x 0588 x 0637	   25.1939	  86.8938065000	  87.7598724000
0433 x 0589 x 0638	   25.2522	  86.8914185000	  87.7596054000
0434 x 0591 x 0640	   25.3105	  86.8840790000	  87.7593307000
0435 x 0592 x 0641	   25.3689	  86.8911362000	  87.7595520000
0436 x 0594 x 0643	   25.4272	  86.8915863000	  87.7595062000
0437 x 0595 x 0644	   25.4855	  86.8883896000	  87.7595139000
0438 x 0596 x 0646	   25.5438	  86.8934250000	  87.7595520000
0439 x 0598 x 0647	   25.6021	  86.8913803000	  87.7597198000
0440 x 0599 x 0649	   25.6605	  86.8925552000	  87.7596054000
0441 x 0600 x 0650	   25.7188	  86.8926849000	  87.7595978000
0442 x 0602 x 0652	   25.7771	  86.8805771000	  87.7593155000
0443 x 0603 x 0653	   25.8354	  86.8833694000	  87.7593460000
0444 x 0604 x 0654	   25.8937	  86.8999634000	  87.7601700000
0445 x 0606 x 0656	   25.9521	  86.8960953000	  87.7596054000
0446 x 0607 x 0657	   26.0104	  86.8989258000	  87.7592621000
0447 x 0608 x 0659	   26.0687	  86.8944092000	  87.7593231000
0448 x 0610 x 0660	   26.1270	  86.8887634000	  87.7592087000
0449 x 0611 x 0662	   26.1853	  86.8983307000	  87.7591629000
0450 x 0613 x 0663	   26.2437	  86.8963699000	  87.7594147000
0451 x 0614 x 0665	   26.3020	  86.8943710000	  87.7595749000
0452 x 0615 x 0666	   26.3603	  86.8944855000	  87.7599182000
0453 x 0617 x 0668	   26.4186	  86.8891144000	  87.7598495000
0454 x 0618 x 0669	   26.4769	  86.8895035000	  87.7598801000
0455 x 0619 x 0671	   26.5353	  86.8972397000	  87.7597427000
0456 x 0621 x 0672	   26.5936	  86.8944092000	  87.7595367000
0457 x 0622 x 0674	   26.6519	  86.8910065000	  87.7599182000
0458 x 0623 x 0675	   26.7102	  86.8984070000	  87.7592087000
0459 x 0625 x 0677	   26.7685	  86.8974533000	  87.7597504000
0460 x 0626 x 0678	   26.8269	  86.8964691000	  87.7595215000
0461 x 0628 x 0679	   26.8852	  86.8938675000	  87.7595215000
0462 x 0629 x 0681	   26.9435	  86.8992920000	  87.7593307000
0463 x 0630 x 0682	   27.0018	  86.9082336000	  87.7597275000
0464 x 0632 x 0684	   27.0601	  86.8940125000	  87.7596436000
0465 x 0633 x 0685	   27.1184	  86.8934326000	  87.7592850000
0466 x 0634 x 0687	   27.1768	  86.8962860000	  87.7595062000
0467 x 0636 x 0688	   27.2351	  86.8972397000	  87.7597885000
0468 x 0637 x 0690	   27.2934	  86.8997879000	  87.7593842000
0469 x 0638 x 0691	   27.3517	  86.8999252000	  87.7592773000
0470 x 0640 x 0693	   27.4100	  86.8944702000	  87.7595825000
0471 x 0641 x 0694	   27.4684	  86.8942947000	  87.7591934000
0472 x 0642 x 0696	   27.5267	  86.9023666000	  87.7597885000
0473 x 0644 x 0697	   27.5850	  86.8939209000	  87.7598190000
0474 x 0645 x 0699	   27.6433	  86.9016571000	  87.7594376000
0475 x 0647 x 0700	   27.7016	  86.8995285000	  87.7598724000
0476 x 0648 x 0702	   27.7600	  86.9039764000	  87.7594681000
0477 x 0649 x 0703	   27.8183	  86.9017029000	  87.7594681000
0478 x 0651 x 0705	   27.8766	  86.8979797000	  87.7596588000
0479 x 0652 x 0706	   27.9349	  86.9039383000	  87.7595520000
0480 x 0653 x 0707	   27.9932	  86.8958740000	  87.7597656000
0481 x 0655 x 0709	   28.0516	  86.9063110000	  87.7592850000
0482 x 0656 x 0710	   28.1099	  86.8978348000	  87.7591782000
0483 x 0657 x 0712	   28.1682	  86.8969879000	  87.7596054000
0484 x 0659 x 0713	   28.2265	  86.8973541000	  87.7594910000
0485 x 0660 x 0715	   28.2848	  86.8874283000	  87.7595139000
0486 x 0662 x 0716	   28.3432	  86.9030914000	  87.7598343000
0487 x 0663 x 0718	   28.4015	  86.9051056000	  87.7596893000
0488 x 0664 x 0719	   28.4598	  86.9024124000	  87.7598190000
0489 x 0666 x 0721	   28.5181	  86.9044647000	  87.7596817000
0490 x 0667 x 0722	   28.5764	  86.9016418000	  87.7594528000
0491 x 0668 x 0724	   28.6347	  86.9046860000	  87.7593307000
0492 x 0670 x 0725	   28.6931	  86.8972092000	  87.7595139000
0493 x 0671 x 0727	   28.7514	  86.9015121000	  87.7595520000
0494 x 0672 x 0728	   28.8097	  86.9056549000	  87.7596817000
