Grid		 	    Points/A	  Phi_acc	 Phi_void
0001 x 0001 x 0001	    0.0522	   0.0000000000	 100.0000000000
0002 x 0002 x 0002	    0.1044	  12.5000000000	  25.0000000000
0003 x 0003 x 0003	    0.1566	  51.8518524000	  55.5555573000
0004 x 0004 x 0004	    0.2088	  70.3125000000	  71.8750000000
0005 x 0005 x 0005	    0.2610	  27.2000008000	  80.8000031000
0006 x 0006 x 0006	    0.3132	  32.8703690000	  77.7777786000
0007 x 0007 x 0007	    0.3654	  45.4810486000	  73.7609329000
0008 x 0008 x 0008	    0.4176	  45.8984375000	  74.2187500000
0009 x 0009 x 0009	    0.4698	  36.7626877000	  76.1316910000
0010 x 0010 x 0010	    0.5220	  37.9000015000	  71.2000046000
0011 x 0011 x 0011	    0.5742	  40.7212601000	  71.2997742000
0012 x 0012 x 0012	    0.6264	  40.1041641000	  72.3379593000
0013 x 0013 x 0013	    0.6786	  41.6932182000	  71.9617691000
0014 x 0014 x 0014	    0.7307	  40.1967926000	  74.2711334000
0015 x 0015 x 0015	    0.7829	  40.5333328000	  71.6740723000
0016 x 0016 x 0016	    0.8351	  62.7197266000	  72.8515625000
0017 x 0017 x 0017	    0.8873	  63.9120712000	  73.0917969000
0018 x 0018 x 0018	    0.9395	  61.8827171000	  72.8052139000
0019 x 0019 x 0019	    0.9917	  60.6210823000	  72.6782303000
0020 x 0020 x 0020	    1.0439	  58.9124985000	  72.2249985000
0021 x 0021 x 0021	    1.0961	  58.7733498000	  71.5581512000
0022 x 0022 x 0022	    1.1483	  58.3677711000	  71.8256989000
0023 x 0023 x 0023	    1.2005	  62.1845970000	  72.4829407000
0024 x 0024 x 0024	    1.2527	  62.3119240000	  73.2204819000
0025 x 0025 x 0025	    1.3049	  62.5280037000	  72.5823975000
0026 x 0026 x 0026	    1.3571	  60.1160660000	  72.9289932000
0027 x 0027 x 0027	    1.4093	  60.4684219000	  72.4432220000
0028 x 0028 x 0028	    1.4615	  66.2217560000	  71.9023361000
0029 x 0029 x 0029	    1.5137	  66.0912704000	  72.0119705000
0030 x 0030 x 0030	    1.5659	  64.8000031000	  71.9851837000
0031 x 0031 x 0031	    1.6181	  63.9589119000	  72.2399368000
0032 x 0032 x 0032	    1.6703	  64.7033691000	  72.6379395000
0033 x 0033 x 0033	    1.7225	  64.5602036000	  72.4796143000
0034 x 0034 x 0034	    1.7747	  63.6652756000	  72.4404602000
0035 x 0035 x 0035	    1.8269	  63.1790085000	  72.5247803000
0036 x 0036 x 0036	    1.8791	  66.0279541000	  72.4365616000
0037 x 0037 x 0037	    1.9313	  65.3623734000	  72.3135834000
0038 x 0038 x 0038	    1.9835	  64.6905518000	  72.2116928000
0039 x 0039 x 0039	    2.0357	  64.2407990000	  72.1606903000
0040 x 0040 x 0040	    2.0878	  65.2031250000	  72.4531250000
0041 x 0041 x 0041	    2.1400	  64.2561798000	  72.2900162000
0042 x 0042 x 0042	    2.1922	  64.0319672000	  72.4003906000
0043 x 0043 x 0043	    2.2444	  66.4381714000	  72.3672180000
0044 x 0044 x 0044	    2.2966	  66.2201843000	  72.3844833000
0045 x 0045 x 0045	    2.3488	  66.0126190000	  72.2886124000
0046 x 0046 x 0046	    2.4010	  65.6653214000	  72.3863754000
0047 x 0047 x 0047	    2.4532	  65.5047531000	  72.4068832000
0048 x 0048 x 0048	    2.5054	  66.9623489000	  72.3054123000
0049 x 0049 x 0049	    2.5576	  66.9168472000	  72.2632599000
0050 x 0050 x 0050	    2.6098	  66.4640045000	  72.3535995000
0051 x 0051 x 0051	    2.6620	  66.9553909000	  72.3711090000
0052 x 0052 x 0052	    2.7142	  66.6981964000	  72.4411163000
0053 x 0053 x 0053	    2.7664	  67.0204315000	  72.3677902000
0054 x 0054 x 0054	    2.8186	  66.5440979000	  72.3047791000
0055 x 0055 x 0055	    2.8708	  66.0363617000	  72.4105148000
0056 x 0056 x 0056	    2.9230	  67.2307816000	  72.3419266000
0057 x 0057 x 0057	    2.9752	  66.5748749000	  72.2473297000
0058 x 0058 x 0058	    3.0274	  68.2264557000	  72.3297424000
0059 x 0059 x 0059	    3.0796	  67.4470139000	  72.4450912000
0060 x 0060 x 0060	    3.1318	  67.0499954000	  72.4277802000
0061 x 0061 x 0061	    3.1840	  66.6628494000	  72.4029770000
0062 x 0062 x 0062	    3.2362	  67.7037506000	  72.2046890000
0063 x 0063 x 0063	    3.2884	  67.5041046000	  72.3052063000
0064 x 0064 x 0064	    3.3406	  67.3301697000	  72.3197937000
0065 x 0065 x 0065	    3.3928	  66.9425583000	  72.3674088000
0066 x 0066 x 0066	    3.4449	  67.5139847000	  72.3397903000
0067 x 0067 x 0067	    3.4971	  67.1984253000	  72.3968658000
0068 x 0068 x 0068	    3.5493	  67.4479752000	  72.3336029000
0069 x 0069 x 0069	    3.6015	  67.2380371000	  72.3575287000
0070 x 0070 x 0070	    3.6537	  68.1201172000	  72.3673477000
0071 x 0071 x 0071	    3.7059	  67.9333649000	  72.3540192000
0072 x 0072 x 0072	    3.7581	  67.5968781000	  72.3347473000
0073 x 0073 x 0073	    3.8103	  67.3201904000	  72.3287201000
0074 x 0074 x 0074	    3.8625	  67.4915619000	  72.3900833000
0075 x 0075 x 0075	    3.9147	  67.8089523000	  72.2965393000
0076 x 0076 x 0076	    3.9669	  67.7036972000	  72.3807220000
0077 x 0077 x 0077	    4.0191	  67.8811874000	  72.3573074000
0078 x 0078 x 0078	    4.0713	  67.2609100000	  72.3018799000
0079 x 0079 x 0079	    4.1235	  67.3338242000	  72.3486328000
0080 x 0080 x 0080	    4.1757	  68.1943359000	  72.3777390000
0081 x 0081 x 0081	    4.2279	  68.0338898000	  72.3483887000
0082 x 0082 x 0082	    4.2801	  67.8690109000	  72.3491364000
0083 x 0083 x 0083	    4.3323	  68.5757065000	  72.3155670000
0084 x 0084 x 0084	    4.3845	  68.0391922000	  72.3501053000
0085 x 0085 x 0085	    4.4367	  68.1921387000	  72.3779373000
0086 x 0086 x 0086	    4.4889	  68.2573547000	  72.3492889000
0087 x 0087 x 0087	    4.5411	  67.7726593000	  72.3570023000
0088 x 0088 x 0088	    4.5933	  67.6848068000	  72.3131714000
0089 x 0089 x 0089	    4.6455	  68.2682495000	  72.3380737000
0090 x 0090 x 0090	    4.6977	  67.8556900000	  72.3890228000
0091 x 0091 x 0091	    4.7499	  67.8599625000	  72.3450089000
0092 x 0092 x 0092	    4.8020	  68.2604599000	  72.3581161000
0093 x 0093 x 0093	    4.8542	  67.9631042000	  72.3570557000
0094 x 0094 x 0094	    4.9064	  68.2241669000	  72.3724518000
0095 x 0095 x 0095	    4.9586	  68.1432343000	  72.3497849000
0096 x 0096 x 0096	    5.0108	  68.1376190000	  72.3442917000
0097 x 0097 x 0097	    5.0630	  67.9016495000	  72.3302841000
0098 x 0098 x 0098	    5.1152	  68.3323898000	  72.3316803000
0099 x 0099 x 0099	    5.1674	  68.1529083000	  72.3262634000
0100 x 0100 x 0100	    5.2196	  68.1684952000	  72.3774033000
0101 x 0101 x 0101	    5.2718	  68.0704956000	  72.3715668000
0102 x 0102 x 0102	    5.3240	  67.8311920000	  72.3543320000
0103 x 0103 x 0103	    5.3762	  68.2462311000	  72.3517456000
0104 x 0104 x 0104	    5.4284	  68.2935867000	  72.3543472000
0105 x 0105 x 0105	    5.4806	  68.6160889000	  72.3489075000
0106 x 0106 x 0106	    5.5328	  68.4589462000	  72.3891220000
0107 x 0107 x 0107	    5.5850	  68.1735306000	  72.3322372000
0108 x 0108 x 0108	    5.6372	  68.5116882000	  72.3354187000
0109 x 0109 x 0109	    5.6894	  68.1572342000	  72.3550644000
0110 x 0110 x 0110	    5.7416	  68.4703217000	  72.3561249000
0111 x 0111 x 0111	    5.7938	  68.3661041000	  72.3375702000
0112 x 0112 x 0112	    5.8460	  68.6209564000	  72.3377991000
0113 x 0113 x 0113	    5.8982	  68.4416122000	  72.3522873000
0114 x 0114 x 0114	    5.9504	  68.2747803000	  72.3722000000
0115 x 0115 x 0115	    6.0026	  68.2809601000	  72.3351364000
0116 x 0116 x 0116	    6.0548	  68.3275528000	  72.3375549000
0117 x 0117 x 0117	    6.1070	  68.5245438000	  72.3230209000
0118 x 0118 x 0118	    6.1591	  68.3600159000	  72.3630524000
0119 x 0119 x 0119	    6.2113	  68.5743027000	  72.3507385000
0120 x 0120 x 0120	    6.2635	  68.4053268000	  72.3587952000
0121 x 0121 x 0121	    6.3157	  68.4553909000	  72.3858261000
0122 x 0122 x 0122	    6.3679	  68.5606995000	  72.3320389000
0123 x 0123 x 0123	    6.4201	  68.5806656000	  72.3498764000
0124 x 0124 x 0124	    6.4723	  68.5231094000	  72.3280563000
0125 x 0125 x 0125	    6.5245	  68.7607269000	  72.3638763000
0126 x 0126 x 0126	    6.5767	  68.5214157000	  72.3552933000
0127 x 0127 x 0127	    6.6289	  68.7632599000	  72.3620071000
0128 x 0128 x 0128	    6.6811	  68.5992737000	  72.3430634000
0129 x 0129 x 0129	    6.7333	  68.5650330000	  72.3269653000
0130 x 0130 x 0130	    6.7855	  68.5441055000	  72.3590393000
0131 x 0131 x 0131	    6.8377	  68.7871170000	  72.3261185000
0132 x 0132 x 0132	    6.8899	  68.7147827000	  72.3396149000
0133 x 0133 x 0133	    6.9421	  68.7835388000	  72.3652267000
0134 x 0134 x 0134	    6.9943	  68.6564255000	  72.3723450000
0135 x 0135 x 0135	    7.0465	  68.5732880000	  72.3611221000
0136 x 0136 x 0136	    7.0987	  68.4163437000	  72.3440247000
0137 x 0137 x 0137	    7.1509	  68.8065414000	  72.3490295000
0138 x 0138 x 0138	    7.2031	  68.6724701000	  72.3524323000
0139 x 0139 x 0139	    7.2553	  68.6812210000	  72.3541565000
0140 x 0140 x 0140	    7.3075	  68.6745300000	  72.3537140000
0141 x 0141 x 0141	    7.3597	  68.6081467000	  72.3525848000
0142 x 0142 x 0142	    7.4119	  68.6977310000	  72.3461304000
0143 x 0143 x 0143	    7.4641	  68.5809174000	  72.3434753000
0144 x 0144 x 0144	    7.5162	  68.6941376000	  72.3474121000
0145 x 0145 x 0145	    7.5684	  68.6133270000	  72.3513336000
0146 x 0146 x 0146	    7.6206	  68.6612015000	  72.3489609000
0147 x 0147 x 0147	    7.6728	  68.6069946000	  72.3633652000
0148 x 0148 x 0148	    7.7250	  68.6918564000	  72.3343735000
0149 x 0149 x 0149	    7.7772	  68.8697128000	  72.3458862000
0150 x 0150 x 0150	    7.8294	  68.7185440000	  72.3359985000
0151 x 0151 x 0151	    7.8816	  68.7697296000	  72.3576050000
0152 x 0152 x 0152	    7.9338	  68.7775574000	  72.3535004000
0153 x 0153 x 0153	    7.9860	  68.7862930000	  72.3513412000
0154 x 0154 x 0154	    8.0382	  68.8845901000	  72.3454819000
0155 x 0155 x 0155	    8.0904	  68.6994095000	  72.3457413000
0156 x 0156 x 0156	    8.1426	  68.5910339000	  72.3368607000
0157 x 0157 x 0157	    8.1948	  68.4893036000	  72.3436279000
0158 x 0158 x 0158	    8.2470	  68.8414307000	  72.3503571000
0159 x 0159 x 0159	    8.2992	  68.9581451000	  72.3585892000
0160 x 0160 x 0160	    8.3514	  68.8408890000	  72.3474655000
0161 x 0161 x 0161	    8.4036	  68.8042068000	  72.3550415000
0162 x 0162 x 0162	    8.4558	  68.6942902000	  72.3506927000
0163 x 0163 x 0163	    8.5080	  68.8708420000	  72.3407059000
0164 x 0164 x 0164	    8.5602	  68.8543320000	  72.3451920000
0165 x 0165 x 0165	    8.6124	  68.7387314000	  72.3498383000
0166 x 0166 x 0166	    8.6646	  68.8754501000	  72.3327484000
0167 x 0167 x 0167	    8.7168	  68.8894577000	  72.3467865000
0168 x 0168 x 0168	    8.7690	  68.7185364000	  72.3534012000
0169 x 0169 x 0169	    8.8212	  68.8321838000	  72.3558578000
0170 x 0170 x 0170	    8.8733	  68.8035202000	  72.3531876000
0171 x 0171 x 0171	    8.9255	  68.7900162000	  72.3528900000
0172 x 0172 x 0172	    8.9777	  68.9640961000	  72.3480377000
0173 x 0173 x 0173	    9.0299	  68.9505005000	  72.3478165000
0174 x 0174 x 0174	    9.0821	  68.8296967000	  72.3452301000
0175 x 0175 x 0175	    9.1343	  68.8369980000	  72.3468475000
0176 x 0176 x 0176	    9.1865	  68.9064636000	  72.3557205000
0177 x 0177 x 0177	    9.2387	  68.8681793000	  72.3505173000
0178 x 0178 x 0178	    9.2909	  68.8657608000	  72.3461304000
0179 x 0179 x 0179	    9.3431	  68.8580780000	  72.3410645000
0180 x 0180 x 0180	    9.3953	  68.9350281000	  72.3562775000
0181 x 0181 x 0181	    9.4475	  68.8662796000	  72.3487091000
0182 x 0182 x 0182	    9.4997	  68.8685608000	  72.3437805000
0183 x 0183 x 0183	    9.5519	  68.8380203000	  72.3511887000
0184 x 0184 x 0184	    9.6041	  68.8387222000	  72.3560638000
0185 x 0185 x 0185	    9.6563	  68.9470062000	  72.3461227000
0186 x 0186 x 0186	    9.7085	  69.0278244000	  72.3503036000
0187 x 0187 x 0187	    9.7607	  68.9885712000	  72.3394470000
0188 x 0188 x 0188	    9.8129	  68.9635391000	  72.3470459000
0189 x 0189 x 0189	    9.8651	  68.9124832000	  72.3488159000
0190 x 0190 x 0190	    9.9173	  68.9117203000	  72.3515091000
0191 x 0191 x 0191	    9.9695	  68.8982468000	  72.3446960000
0192 x 0192 x 0192	   10.0217	  68.8254166000	  72.3595200000
0193 x 0193 x 0193	   10.0739	  68.9486389000	  72.3481140000
0194 x 0194 x 0194	   10.1261	  69.0035019000	  72.3499298000
0195 x 0195 x 0195	   10.1783	  68.9805298000	  72.3483887000
0196 x 0196 x 0196	   10.2304	  68.8839340000	  72.3437958000
0197 x 0197 x 0197	   10.2826	  68.9034271000	  72.3423309000
0198 x 0198 x 0198	   10.3348	  69.0269318000	  72.3378525000
0199 x 0199 x 0199	   10.3870	  68.9849854000	  72.3516464000
0200 x 0200 x 0200	   10.4392	  68.8817139000	  72.3551788000
0201 x 0201 x 0201	   10.4914	  68.9481888000	  72.3522644000
0202 x 0202 x 0202	   10.5436	  68.9915237000	  72.3502197000
0203 x 0203 x 0203	   10.5958	  68.9222107000	  72.3528061000
0204 x 0204 x 0204	   10.6480	  69.0947571000	  72.3445358000
0205 x 0205 x 0205	   10.7002	  68.9846039000	  72.3506546000
0206 x 0206 x 0206	   10.7524	  68.9669342000	  72.3490143000
0207 x 0207 x 0207	   10.8046	  68.9774551000	  72.3485107000
0208 x 0208 x 0208	   10.8568	  68.9694290000	  72.3431015000
0209 x 0209 x 0209	   10.9090	  69.0769348000	  72.3438644000
0210 x 0210 x 0210	   10.9612	  69.0523834000	  72.3530045000
0211 x 0211 x 0211	   11.0134	  68.9609146000	  72.3613281000
0212 x 0212 x 0212	   11.0656	  68.9864044000	  72.3540039000
0213 x 0213 x 0213	   11.1178	  68.9929733000	  72.3389359000
0214 x 0214 x 0214	   11.1700	  68.9711914000	  72.3450317000
0215 x 0215 x 0215	   11.2222	  69.0738373000	  72.3469696000
0216 x 0216 x 0216	   11.2744	  69.1039124000	  72.3440552000
0217 x 0217 x 0217	   11.3266	  68.9319458000	  72.3449020000
0218 x 0218 x 0218	   11.3788	  68.9495239000	  72.3489761000
0219 x 0219 x 0219	   11.4310	  69.1162720000	  72.3554688000
0220 x 0220 x 0220	   11.4832	  69.0207520000	  72.3505402000
0221 x 0221 x 0221	   11.5354	  69.0003052000	  72.3468018000
0222 x 0222 x 0222	   11.5876	  69.1103516000	  72.3455734000
0223 x 0223 x 0223	   11.6397	  69.1116791000	  72.3480835000
0224 x 0224 x 0224	   11.6919	  69.0270386000	  72.3505020000
0225 x 0225 x 0225	   11.7441	  69.0229492000	  72.3458710000
0226 x 0226 x 0226	   11.7963	  69.0097961000	  72.3447342000
0227 x 0227 x 0227	   11.8485	  69.1176376000	  72.3496704000
0228 x 0228 x 0228	   11.9007	  69.1226349000	  72.3524246000
0229 x 0229 x 0229	   11.9529	  69.0833130000	  72.3533096000
0230 x 0230 x 0230	   12.0051	  69.1415710000	  72.3529510000
0231 x 0231 x 0231	   12.0573	  69.0420303000	  72.3484039000
0232 x 0232 x 0232	   12.1095	  69.0332108000	  72.3445358000
0233 x 0233 x 0233	   12.1617	  68.9874191000	  72.3475647000
0234 x 0234 x 0234	   12.2139	  69.0501175000	  72.3481903000
0235 x 0235 x 0235	   12.2661	  68.9772720000	  72.3523102000
0236 x 0236 x 0236	   12.3183	  69.0870819000	  72.3546753000
0237 x 0237 x 0237	   12.3705	  69.0587311000	  72.3507309000
0238 x 0238 x 0238	   12.4227	  69.0242844000	  72.3473816000
0239 x 0239 x 0239	   12.4749	  69.1007919000	  72.3497925000
0240 x 0240 x 0240	   12.5271	  69.1036758000	  72.3468018000
0241 x 0241 x 0241	   12.5793	  69.0796204000	  72.3497009000
0242 x 0242 x 0242	   12.6315	  69.1748352000	  72.3569107000
0243 x 0243 x 0243	   12.6837	  69.0838776000	  72.3473282000
0244 x 0244 x 0244	   12.7359	  69.0606079000	  72.3488541000
0245 x 0245 x 0245	   12.7881	  69.1251297000	  72.3447876000
0246 x 0246 x 0246	   12.8403	  69.1179428000	  72.3532104000
0247 x 0247 x 0247	   12.8925	  69.0778580000	  72.3498077000
0248 x 0248 x 0248	   12.9447	  69.1112900000	  72.3523483000
0249 x 0249 x 0249	   12.9968	  69.1680222000	  72.3445969000
0250 x 0250 x 0250	   13.0490	  69.1842270000	  72.3464279000
0251 x 0251 x 0251	   13.1012	  69.1504211000	  72.3461838000
0252 x 0252 x 0252	   13.1534	  69.1153488000	  72.3477097000
0253 x 0253 x 0253	   13.2056	  69.1314392000	  72.3479309000
0254 x 0254 x 0254	   13.2578	  69.2165451000	  72.3525467000
0255 x 0255 x 0255	   13.3100	  69.1457138000	  72.3528061000
0256 x 0256 x 0256	   13.3622	  69.1121826000	  72.3460922000
0257 x 0257 x 0257	   13.4144	  69.1261978000	  72.3453140000
0258 x 0258 x 0258	   13.4666	  69.0847626000	  72.3469009000
0259 x 0259 x 0259	   13.5188	  69.1429214000	  72.3477402000
0260 x 0260 x 0260	   13.5710	  69.1260071000	  72.3541412000
0261 x 0261 x 0261	   13.6232	  69.1392288000	  72.3532104000
0262 x 0262 x 0262	   13.6754	  69.1282425000	  72.3475952000
0263 x 0263 x 0263	   13.7276	  69.1757431000	  72.3476639000
0264 x 0264 x 0264	   13.7798	  69.2079926000	  72.3427658000
0265 x 0265 x 0265	   13.8320	  69.1423035000	  72.3488846000
0266 x 0266 x 0266	   13.8842	  69.1650009000	  72.3525772000
0267 x 0267 x 0267	   13.9364	  69.1713181000	  72.3478165000
0268 x 0268 x 0268	   13.9886	  69.1481323000	  72.3484192000
0269 x 0269 x 0269	   14.0408	  69.1982040000	  72.3517685000
0270 x 0270 x 0270	   14.0930	  69.1323166000	  72.3505402000
0271 x 0271 x 0271	   14.1452	  69.1558304000	  72.3457947000
0272 x 0272 x 0272	   14.1974	  69.1443176000	  72.3520584000
0273 x 0273 x 0273	   14.2496	  69.2005844000	  72.3466415000
0274 x 0274 x 0274	   14.3018	  69.1299133000	  72.3528748000
0275 x 0275 x 0275	   14.3539	  69.1336899000	  72.3478851000
0276 x 0276 x 0276	   14.4061	  69.1925125000	  72.3472137000
0277 x 0277 x 0277	   14.4583	  69.2305298000	  72.3468628000
0278 x 0278 x 0278	   14.5105	  69.0918045000	  72.3513031000
0279 x 0279 x 0279	   14.5627	  69.1125183000	  72.3499680000
0280 x 0280 x 0280	   14.6149	  69.1806717000	  72.3511734000
0281 x 0281 x 0281	   14.6671	  69.1807404000	  72.3474197000
0282 x 0282 x 0282	   14.7193	  69.1454697000	  72.3490295000
0283 x 0283 x 0283	   14.7715	  69.1794815000	  72.3493195000
0284 x 0284 x 0284	   14.8237	  69.1851120000	  72.3462524000
0285 x 0285 x 0285	   14.8759	  69.1300125000	  72.3518372000
0286 x 0286 x 0286	   14.9281	  69.1413193000	  72.3504868000
0287 x 0287 x 0287	   14.9803	  69.1691437000	  72.3493118000
0288 x 0288 x 0288	   15.0325	  69.2306519000	  72.3474350000
0289 x 0289 x 0289	   15.0847	  69.1953812000	  72.3475113000
0290 x 0290 x 0290	   15.1369	  69.1655579000	  72.3466492000
0291 x 0291 x 0291	   15.1891	  69.2086639000	  72.3498001000
0292 x 0292 x 0292	   15.2413	  69.1419983000	  72.3463898000
0293 x 0293 x 0293	   15.2935	  69.1314850000	  72.3456879000
0294 x 0294 x 0294	   15.3457	  69.2269440000	  72.3526077000
0295 x 0295 x 0295	   15.3979	  69.2187729000	  72.3503723000
0296 x 0296 x 0296	   15.4501	  69.2329254000	  72.3522949000
0297 x 0297 x 0297	   15.5023	  69.2363815000	  72.3444824000
0298 x 0298 x 0298	   15.5545	  69.2166519000	  72.3463440000
0299 x 0299 x 0299	   15.6067	  69.1603088000	  72.3496170000
0300 x 0300 x 0300	   15.6589	  69.2072983000	  72.3493118000
0301 x 0301 x 0301	   15.7110	  69.2120285000	  72.3483887000
0302 x 0302 x 0302	   15.7632	  69.2191544000	  72.3492584000
0303 x 0303 x 0303	   15.8154	  69.2070007000	  72.3526917000
0304 x 0304 x 0304	   15.8676	  69.1773911000	  72.3479538000
0305 x 0305 x 0305	   15.9198	  69.1712189000	  72.3502274000
0306 x 0306 x 0306	   15.9720	  69.2325592000	  72.3475266000
0307 x 0307 x 0307	   16.0242	  69.2155685000	  72.3472519000
0308 x 0308 x 0308	   16.0764	  69.2041473000	  72.3472061000
0309 x 0309 x 0309	   16.1286	  69.2202606000	  72.3494263000
0310 x 0310 x 0310	   16.1808	  69.2401886000	  72.3507614000
0311 x 0311 x 0311	   16.2330	  69.2558136000	  72.3471756000
0312 x 0312 x 0312	   16.2852	  69.1795883000	  72.3483124000
0313 x 0313 x 0313	   16.3374	  69.1672821000	  72.3509216000
0314 x 0314 x 0314	   16.3896	  69.1488495000	  72.3476562000
0315 x 0315 x 0315	   16.4418	  69.2176971000	  72.3488770000
0316 x 0316 x 0316	   16.4940	  69.2421265000	  72.3478317000
0317 x 0317 x 0317	   16.5462	  69.2404709000	  72.3489380000
0318 x 0318 x 0318	   16.5984	  69.2199020000	  72.3526917000
0319 x 0319 x 0319	   16.6506	  69.2209625000	  72.3511581000
0320 x 0320 x 0320	   16.7028	  69.1987686000	  72.3487473000
0321 x 0321 x 0321	   16.7550	  69.2411041000	  72.3510208000
0322 x 0322 x 0322	   16.8072	  69.2177048000	  72.3473587000
0323 x 0323 x 0323	   16.8594	  69.2382278000	  72.3458710000
0324 x 0324 x 0324	   16.9116	  69.2359009000	  72.3488770000
0325 x 0325 x 0325	   16.9638	  69.2254639000	  72.3494797000
0326 x 0326 x 0326	   17.0160	  69.1555099000	  72.3504028000
0327 x 0327 x 0327	   17.0681	  69.2280807000	  72.3498611000
0328 x 0328 x 0328	   17.1203	  69.1990662000	  72.3502121000
0329 x 0329 x 0329	   17.1725	  69.2396011000	  72.3476562000
0330 x 0330 x 0330	   17.2247	  69.3073654000	  72.3479614000
0331 x 0331 x 0331	   17.2769	  69.2519455000	  72.3483810000
0332 x 0332 x 0332	   17.3291	  69.2015228000	  72.3498154000
0333 x 0333 x 0333	   17.3813	  69.2193298000	  72.3492889000
0334 x 0334 x 0334	   17.4335	  69.2381058000	  72.3467865000
0335 x 0335 x 0335	   17.4857	  69.2178345000	  72.3502426000
0336 x 0336 x 0336	   17.5379	  69.2444458000	  72.3499527000
0337 x 0337 x 0337	   17.5901	  69.2115631000	  72.3487549000
0338 x 0338 x 0338	   17.6423	  69.2187576000	  72.3494110000
0339 x 0339 x 0339	   17.6945	  69.1728745000	  72.3505249000
0340 x 0340 x 0340	   17.7467	  69.2275467000	  72.3494949000
0341 x 0341 x 0341	   17.7989	  69.2311249000	  72.3502426000
0342 x 0342 x 0342	   17.8511	  69.2512283000	  72.3487701000
0343 x 0343 x 0343	   17.9033	  69.2785568000	  72.3484268000
0344 x 0344 x 0344	   17.9555	  69.2707367000	  72.3498077000
0345 x 0345 x 0345	   18.0077	  69.2683487000	  72.3505402000
0346 x 0346 x 0346	   18.0599	  69.2622375000	  72.3499298000
0347 x 0347 x 0347	   18.1121	  69.2583237000	  72.3486557000
0348 x 0348 x 0348	   18.1643	  69.2763596000	  72.3477783000
0349 x 0349 x 0349	   18.2165	  69.2676392000	  72.3495102000
0350 x 0350 x 0350	   18.2687	  69.2334137000	  72.3493423000
0351 x 0351 x 0351	   18.3209	  69.2476883000	  72.3469467000
0352 x 0352 x 0352	   18.3731	  69.2527847000	  72.3489151000
0353 x 0353 x 0353	   18.4252	  69.2050095000	  72.3500748000
0354 x 0354 x 0354	   18.4774	  69.2441254000	  72.3496094000
0355 x 0355 x 0355	   18.5296	  69.2765503000	  72.3474503000
0356 x 0356 x 0356	   18.5818	  69.2746964000	  72.3493347000
0357 x 0357 x 0357	   18.6340	  69.2891846000	  72.3502121000
0358 x 0358 x 0358	   18.6862	  69.2534561000	  72.3491364000
0359 x 0359 x 0359	   18.7384	  69.2732010000	  72.3499908000
0360 x 0360 x 0360	   18.7906	  69.2394638000	  72.3470840000
0361 x 0361 x 0361	   18.8428	  69.2592316000	  72.3491745000
0362 x 0362 x 0362	   18.8950	  69.2727509000	  72.3469696000
0363 x 0363 x 0363	   18.9472	  69.2635345000	  72.3498383000
0364 x 0364 x 0364	   18.9994	  69.2827530000	  72.3522949000
0365 x 0365 x 0365	   19.0516	  69.2355499000	  72.3494797000
0366 x 0366 x 0366	   19.1038	  69.2808990000	  72.3462524000
0367 x 0367 x 0367	   19.1560	  69.2480392000	  72.3475800000
0368 x 0368 x 0368	   19.2082	  69.3070297000	  72.3471375000
0369 x 0369 x 0369	   19.2604	  69.2568359000	  72.3493423000
0370 x 0370 x 0370	   19.3126	  69.2993393000	  72.3503265000
0371 x 0371 x 0371	   19.3648	  69.2714310000	  72.3500214000
0372 x 0372 x 0372	   19.4170	  69.2728195000	  72.3496704000
0373 x 0373 x 0373	   19.4692	  69.2837906000	  72.3499298000
0374 x 0374 x 0374	   19.5214	  69.2551651000	  72.3471069000
0375 x 0375 x 0375	   19.5736	  69.2859955000	  72.3483429000
0376 x 0376 x 0376	   19.6258	  69.3026581000	  72.3505020000
0377 x 0377 x 0377	   19.6780	  69.3174210000	  72.3473358000
0378 x 0378 x 0378	   19.7302	  69.2770081000	  72.3488464000
0379 x 0379 x 0379	   19.7823	  69.2666321000	  72.3483353000
0380 x 0380 x 0380	   19.8345	  69.2863846000	  72.3495712000
0381 x 0381 x 0381	   19.8867	  69.2899475000	  72.3502274000
0382 x 0382 x 0382	   19.9389	  69.3121490000	  72.3482285000
0383 x 0383 x 0383	   19.9911	  69.2631760000	  72.3484955000
0384 x 0384 x 0384	   20.0433	  69.2997665000	  72.3480606000
0385 x 0385 x 0385	   20.0955	  69.2947235000	  72.3479309000
0386 x 0386 x 0386	   20.1477	  69.2908859000	  72.3471985000
0387 x 0387 x 0387	   20.1999	  69.2787323000	  72.3507996000
0388 x 0388 x 0388	   20.2521	  69.2875443000	  72.3472748000
0389 x 0389 x 0389	   20.3043	  69.2751694000	  72.3491516000
0390 x 0390 x 0390	   20.3565	  69.2898483000	  72.3495026000
0391 x 0391 x 0391	   20.4087	  69.2850647000	  72.3483582000
0392 x 0392 x 0392	   20.4609	  69.2471771000	  72.3482285000
0393 x 0393 x 0393	   20.5131	  69.3158646000	  72.3504791000
0394 x 0394 x 0394	   20.5653	  69.3042831000	  72.3482285000
0395 x 0395 x 0395	   20.6175	  69.2825546000	  72.3482361000
0396 x 0396 x 0396	   20.6697	  69.2943420000	  72.3493423000
0397 x 0397 x 0397	   20.7219	  69.3093414000	  72.3492050000
0398 x 0398 x 0398	   20.7741	  69.3428421000	  72.3488235000
0399 x 0399 x 0399	   20.8263	  69.3008041000	  72.3495407000
0400 x 0400 x 0400	   20.8785	  69.2995071000	  72.3491364000
0401 x 0401 x 0401	   20.9307	  69.2703171000	  72.3494492000
0402 x 0402 x 0402	   20.9829	  69.2978745000	  72.3493423000
0403 x 0403 x 0403	   21.0351	  69.3414764000	  72.3480072000
0404 x 0404 x 0404	   21.0873	  69.3159256000	  72.3486862000
0405 x 0405 x 0405	   21.1395	  69.3453522000	  72.3504181000
0406 x 0406 x 0406	   21.1916	  69.2978592000	  72.3506012000
0407 x 0407 x 0407	   21.2438	  69.3159790000	  72.3481903000
0408 x 0408 x 0408	   21.2960	  69.3114700000	  72.3468399000
0409 x 0409 x 0409	   21.3482	  69.3040161000	  72.3488846000
0410 x 0410 x 0410	   21.4004	  69.3003922000	  72.3521347000
0411 x 0411 x 0411	   21.4526	  69.3285751000	  72.3472900000
0412 x 0412 x 0412	   21.5048	  69.3264847000	  72.3486023000
0413 x 0413 x 0413	   21.5570	  69.3156815000	  72.3485107000
0414 x 0414 x 0414	   21.6092	  69.2668686000	  72.3492203000
0415 x 0415 x 0415	   21.6614	  69.2899551000	  72.3493652000
0416 x 0416 x 0416	   21.7136	  69.2842026000	  72.3501816000
0417 x 0417 x 0417	   21.7658	  69.3151703000	  72.3485641000
0418 x 0418 x 0418	   21.8180	  69.3490906000	  72.3493423000
0419 x 0419 x 0419	   21.8702	  69.2835236000	  72.3492584000
0420 x 0420 x 0420	   21.9224	  69.3111572000	  72.3482437000
0421 x 0421 x 0421	   21.9746	  69.3085632000	  72.3504257000
0422 x 0422 x 0422	   22.0268	  69.3234863000	  72.3492050000
0423 x 0423 x 0423	   22.0790	  69.2988129000	  72.3489075000
0424 x 0424 x 0424	   22.1312	  69.3382416000	  72.3493195000
0425 x 0425 x 0425	   22.1834	  69.3353577000	  72.3487244000
0426 x 0426 x 0426	   22.2356	  69.3219910000	  72.3469696000
0427 x 0427 x 0427	   22.2878	  69.3297653000	  72.3464050000
0428 x 0428 x 0428	   22.3400	  69.2861328000	  72.3491821000
0429 x 0429 x 0429	   22.3922	  69.3114548000	  72.3490753000
0430 x 0430 x 0430	   22.4444	  69.3236160000	  72.3524475000
0431 x 0431 x 0431	   22.4966	  69.3157272000	  72.3490219000
0432 x 0432 x 0432	   22.5487	  69.3389511000	  72.3500595000
0433 x 0433 x 0433	   22.6009	  69.3240585000	  72.3482056000
0434 x 0434 x 0434	   22.6531	  69.3164139000	  72.3488007000
0435 x 0435 x 0435	   22.7053	  69.3060913000	  72.3479767000
0436 x 0436 x 0436	   22.7575	  69.3249664000	  72.3484573000
0437 x 0437 x 0437	   22.8097	  69.3362198000	  72.3490524000
0438 x 0438 x 0438	   22.8619	  69.3090973000	  72.3495712000
0439 x 0439 x 0439	   22.9141	  69.3204880000	  72.3494644000
0440 x 0440 x 0440	   22.9663	  69.3108215000	  72.3495331000
0441 x 0441 x 0441	   23.0185	  69.3023300000	  72.3496170000
0442 x 0442 x 0442	   23.0707	  69.3137970000	  72.3498840000
0443 x 0443 x 0443	   23.1229	  69.3279343000	  72.3484650000
0444 x 0444 x 0444	   23.1751	  69.3276520000	  72.3474884000
0445 x 0445 x 0445	   23.2273	  69.3369904000	  72.3488846000
0446 x 0446 x 0446	   23.2795	  69.3573990000	  72.3497009000
0447 x 0447 x 0447	   23.3317	  69.3451462000	  72.3494568000
0448 x 0448 x 0448	   23.3839	  69.3447266000	  72.3482513000
0449 x 0449 x 0449	   23.4361	  69.3180313000	  72.3493958000
0450 x 0450 x 0450	   23.4883	  69.3351974000	  72.3496323000
0451 x 0451 x 0451	   23.5405	  69.3409195000	  72.3480835000
0452 x 0452 x 0452	   23.5927	  69.3574982000	  72.3497086000
0453 x 0453 x 0453	   23.6449	  69.3675232000	  72.3500061000
0454 x 0454 x 0454	   23.6971	  69.3479462000	  72.3497391000
0455 x 0455 x 0455	   23.7493	  69.3558807000	  72.3480072000
0456 x 0456 x 0456	   23.8015	  69.3232498000	  72.3482513000
0457 x 0457 x 0457	   23.8537	  69.3600159000	  72.3493423000
0458 x 0458 x 0458	   23.9058	  69.3352966000	  72.3500214000
0459 x 0459 x 0459	   23.9580	  69.3747635000	  72.3499069000
0460 x 0460 x 0460	   24.0102	  69.3617020000	  72.3493195000
0461 x 0461 x 0461	   24.0624	  69.3136597000	  72.3491669000
0462 x 0462 x 0462	   24.1146	  69.3306885000	  72.3475189000
0463 x 0463 x 0463	   24.1668	  69.3639984000	  72.3487473000
0464 x 0464 x 0464	   24.2190	  69.3567200000	  72.3484192000
0465 x 0465 x 0465	   24.2712	  69.3512573000	  72.3496704000
0466 x 0466 x 0466	   24.3234	  69.3429413000	  72.3500137000
0467 x 0467 x 0467	   24.3756	  69.3305054000	  72.3488693000
0468 x 0468 x 0468	   24.4278	  69.3683777000	  72.3483353000
0469 x 0469 x 0469	   24.4800	  69.3264923000	  72.3497009000
0470 x 0470 x 0470	   24.5322	  69.3520355000	  72.3493195000
0471 x 0471 x 0471	   24.5844	  69.3288040000	  72.3503265000
0472 x 0472 x 0472	   24.6366	  69.3723373000	  72.3476257000
0473 x 0473 x 0473	   24.6888	  69.3486862000	  72.3475876000
0474 x 0474 x 0474	   24.7410	  69.3455582000	  72.3490219000
0475 x 0475 x 0475	   24.7932	  69.3682022000	  72.3502274000
0476 x 0476 x 0476	   24.8454	  69.3221436000	  72.3489609000
0477 x 0477 x 0477	   24.8976	  69.3537979000	  72.3501434000
0478 x 0478 x 0478	   24.9498	  69.3432388000	  72.3488235000
0479 x 0479 x 0479	   25.0020	  69.3565140000	  72.3492050000
0480 x 0480 x 0480	   25.0542	  69.3724365000	  72.3487854000
0481 x 0481 x 0481	   25.1064	  69.3745270000	  72.3465881000
0482 x 0482 x 0482	   25.1586	  69.3462524000	  72.3492203000
0483 x 0483 x 0483	   25.2108	  69.3470840000	  72.3490601000
0484 x 0484 x 0484	   25.2629	  69.3812637000	  72.3508453000
0485 x 0485 x 0485	   25.3151	  69.3524857000	  72.3486328000
0486 x 0486 x 0486	   25.3673	  69.3786545000	  72.3490219000
0487 x 0487 x 0487	   25.4195	  69.3494720000	  72.3480911000
0488 x 0488 x 0488	   25.4717	  69.3471603000	  72.3496704000
0489 x 0489 x 0489	   25.5239	  69.3569107000	  72.3488617000
0490 x 0490 x 0490	   25.5761	  69.3470154000	  72.3487930000
0491 x 0491 x 0491	   25.6283	  69.3457489000	  72.3487701000
0492 x 0492 x 0492	   25.6805	  69.3412933000	  72.3493195000
0493 x 0493 x 0493	   25.7327	  69.3428726000	  72.3491364000
0494 x 0494 x 0494	   25.7849	  69.3600388000	  72.3489075000
0495 x 0495 x 0495	   25.8371	  69.3568878000	  72.3480530000
0496 x 0496 x 0496	   25.8893	  69.3236160000	  72.3494339000
0497 x 0497 x 0497	   25.9415	  69.3510895000	  72.3493118000
0498 x 0498 x 0498	   25.9937	  69.3522568000	  72.3483353000
0499 x 0499 x 0499	   26.0459	  69.3646393000	  72.3494339000
0500 x 0500 x 0500	   26.0981	  69.3751602000	  72.3482437000
0502 x 0502 x 0502	   26.2025	  69.3559875000	  72.3499298000
0503 x 0503 x 0503	   26.2547	  69.3395767000	  72.3496170000
0504 x 0504 x 0504	   26.3069	  69.3552780000	  72.3489151000
0505 x 0505 x 0505	   26.3591	  69.3635101000	  72.3485641000
0506 x 0506 x 0506	   26.4113	  69.3613815000	  72.3489914000
0507 x 0507 x 0507	   26.4635	  69.3501816000	  72.3474808000
0508 x 0508 x 0508	   26.5157	  69.3512268000	  72.3494568000
0509 x 0509 x 0509	   26.5679	  69.3491898000	  72.3491669000
0510 x 0510 x 0510	   26.6200	  69.3469315000	  72.3502045000
0511 x 0511 x 0511	   26.6722	  69.3591614000	  72.3481750000
0512 x 0512 x 0512	   26.7244	  69.3751755000	  72.3484726000
0515 x 0515 x 0515	   26.8810	  69.3607864000	  72.3484726000
0517 x 0517 x 0517	   26.9854	  69.3796692000	  72.3499908000
