Grid		 	    Points/A	  Phi_acc	 Phi_void
0001 x 0001 x 0001	    0.0674	   0.0000000000	 100.0000000000
0002 x 0002 x 0002	    0.1348	  12.5000000000	  25.0000000000
0003 x 0003 x 0003	    0.2022	  51.8518524000	  55.5555573000
0004 x 0004 x 0004	    0.2697	  23.4375000000	  71.8750000000
0005 x 0005 x 0005	    0.3371	  17.6000004000	  56.8000031000
0006 x 0006 x 0006	    0.4045	  27.3148155000	  77.7777786000
0007 x 0007 x 0007	    0.4719	  18.0758018000	  63.2653046000
0008 x 0008 x 0008	    0.5393	  20.8984375000	  54.6875000000
0009 x 0009 x 0009	    0.6067	  23.0452671000	  58.2990417000
0010 x 0010 x 0010	    0.6741	  20.5000000000	  58.2000008000
0011 x 0011 x 0011	    0.7415	  20.4357624000	  59.7295303000
0012 x 0012 x 0012	    0.8090	  18.9236107000	  61.6898117000
0013 x 0013 x 0013	    0.8764	  45.5166130000	  62.7674103000
0014 x 0014 x 0014	    0.9438	  44.4606438000	  56.8513107000
0015 x 0015 x 0015	    1.0112	  41.9851837000	  57.9851875000
0016 x 0016 x 0016	    1.0786	  41.5771484000	  58.9843750000
0017 x 0017 x 0017	    1.1460	  38.9578667000	  58.5996323000
0018 x 0018 x 0018	    1.2134	  45.1303139000	  59.3621368000
0019 x 0019 x 0019	    1.2808	  44.2046928000	  60.2857513000
0020 x 0020 x 0020	    1.3483	  42.4499969000	  60.2500038000
0021 x 0021 x 0021	    1.4157	  42.0256996000	  59.4428253000
0022 x 0022 x 0022	    1.4831	  48.6758080000	  58.6589050000
0023 x 0023 x 0023	    1.5505	  48.5000420000	  58.8887978000
0024 x 0024 x 0024	    1.6179	  47.9817734000	  59.3605347000
0025 x 0025 x 0025	    1.6853	  47.7503967000	  59.1296005000
0026 x 0026 x 0026	    1.7527	  45.4255791000	  59.2284927000
0027 x 0027 x 0027	    1.8201	  46.2835922000	  58.8680573000
0028 x 0028 x 0028	    1.8876	  50.4555397000	  59.3203354000
0029 x 0029 x 0029	    1.9550	  48.3824654000	  59.3751259000
0030 x 0030 x 0030	    2.0224	  46.8148155000	  58.8370399000
0031 x 0031 x 0031	    2.0898	  48.2360458000	  59.3501396000
0032 x 0032 x 0032	    2.1572	  47.5250244000	  58.9477539000
0033 x 0033 x 0033	    2.2246	  50.9419250000	  58.9336853000
0034 x 0034 x 0034	    2.2920	  49.6412582000	  59.1390190000
0035 x 0035 x 0035	    2.3594	  49.6653061000	  59.1276932000
0036 x 0036 x 0036	    2.4269	  48.9519043000	  58.9549065000
0037 x 0037 x 0037	    2.4943	  48.4196396000	  58.7230759000
0038 x 0038 x 0038	    2.5617	  50.1549072000	  59.0209961000
0039 x 0039 x 0039	    2.6291	  49.3534966000	  59.2204857000
0040 x 0040 x 0040	    2.6965	  49.7062492000	  59.2156219000
0041 x 0041 x 0041	    2.7639	  50.7900352000	  59.1677437000
0042 x 0042 x 0042	    2.8313	  49.1928520000	  59.0513992000
0043 x 0043 x 0043	    2.8988	  50.2660141000	  59.1029701000
0044 x 0044 x 0044	    2.9662	  49.8649979000	  59.0486450000
0045 x 0045 x 0045	    3.0336	  52.3928642000	  58.9530869000
0046 x 0046 x 0046	    3.1010	  51.3931084000	  59.2052269000
0047 x 0047 x 0047	    3.1684	  50.2393494000	  59.1188850000
0048 x 0048 x 0048	    3.2358	  51.9314232000	  59.0404396000
0049 x 0049 x 0049	    3.3032	  50.5843658000	  59.1207733000
0050 x 0050 x 0050	    3.3706	  50.4776001000	  59.0095978000
0051 x 0051 x 0051	    3.4381	  51.3716469000	  59.0851173000
0052 x 0052 x 0052	    3.5055	  50.9444733000	  59.0535393000
0053 x 0053 x 0053	    3.5729	  51.5143394000	  58.9862747000
0054 x 0054 x 0054	    3.6403	  52.2132034000	  59.0547676000
0055 x 0055 x 0055	    3.7077	  51.6237450000	  59.1140518000
0056 x 0056 x 0056	    3.7751	  51.1080971000	  59.0014572000
0057 x 0057 x 0057	    3.8425	  51.5532417000	  59.0448837000
0058 x 0058 x 0058	    3.9099	  51.6928749000	  59.1219406000
0059 x 0059 x 0059	    3.9774	  51.3426437000	  59.1905708000
0060 x 0060 x 0060	    4.0448	  51.1208344000	  59.1305542000
0061 x 0061 x 0061	    4.1122	  50.9139557000	  58.9798279000
0062 x 0062 x 0062	    4.1796	  52.0173912000	  59.0597801000
0063 x 0063 x 0063	    4.2470	  51.4775200000	  59.0684967000
0064 x 0064 x 0064	    4.3144	  51.1642456000	  59.1430664000
0065 x 0065 x 0065	    4.3818	  51.9843407000	  59.1537552000
0066 x 0066 x 0066	    4.4492	  52.1544647000	  59.0401230000
0067 x 0067 x 0067	    4.5167	  51.7174644000	  59.0155716000
0068 x 0068 x 0068	    4.5841	  51.5494576000	  59.0951309000
0069 x 0069 x 0069	    4.6515	  52.1681290000	  59.0269966000
0070 x 0070 x 0070	    4.7189	  51.8026237000	  59.0787163000
0071 x 0071 x 0071	    4.7863	  51.2345238000	  59.1395607000
0072 x 0072 x 0072	    4.8537	  52.1580811000	  59.1660271000
0073 x 0073 x 0073	    4.9211	  52.3321609000	  59.1138649000
0074 x 0074 x 0074	    4.9886	  51.9221497000	  59.0670815000
0075 x 0075 x 0075	    5.0560	  51.8485298000	  59.0641785000
0076 x 0076 x 0076	    5.1234	  52.4231377000	  59.0200844000
0077 x 0077 x 0077	    5.1908	  52.1979828000	  58.9878502000
0078 x 0078 x 0078	    5.2582	  51.7677727000	  59.0721359000
0079 x 0079 x 0079	    5.3256	  51.6170158000	  59.1091156000
0080 x 0080 x 0080	    5.3930	  51.9445305000	  59.1187477000
0081 x 0081 x 0081	    5.4604	  52.1427574000	  59.0336456000
0082 x 0082 x 0082	    5.5279	  52.1921806000	  59.0701714000
0083 x 0083 x 0083	    5.5953	  52.7483177000	  59.0522346000
0084 x 0084 x 0084	    5.6627	  52.2231979000	  59.0962753000
0085 x 0085 x 0085	    5.7301	  52.3978004000	  59.0555649000
0086 x 0086 x 0086	    5.7975	  52.2788887000	  59.0381966000
0087 x 0087 x 0087	    5.8649	  52.3783493000	  59.1400490000
0088 x 0088 x 0088	    5.9323	  52.3951111000	  59.1096954000
0089 x 0089 x 0089	    5.9997	  52.1147728000	  59.0291214000
0090 x 0090 x 0090	    6.0672	  52.7640572000	  59.0578842000
0091 x 0091 x 0091	    6.1346	  52.6012840000	  59.0560150000
0092 x 0092 x 0092	    6.2020	  52.8883209000	  59.0868225000
0093 x 0093 x 0093	    6.2694	  52.4515877000	  59.1467514000
0094 x 0094 x 0094	    6.3368	  52.2568474000	  59.0916748000
0095 x 0095 x 0095	    6.4042	  52.8311424000	  59.0601578000
0096 x 0096 x 0096	    6.4716	  52.6205521000	  59.0709572000
0097 x 0097 x 0097	    6.5390	  52.9529228000	  59.0858917000
0098 x 0098 x 0098	    6.6065	  52.2467270000	  59.0576630000
0099 x 0099 x 0099	    6.6739	  52.5923424000	  59.0388107000
0100 x 0100 x 0100	    6.7413	  52.4505959000	  59.1027985000
0101 x 0101 x 0101	    6.8087	  52.4315720000	  59.0820541000
0102 x 0102 x 0102	    6.8761	  52.7523346000	  59.0954857000
0103 x 0103 x 0103	    6.9435	  52.7190208000	  59.0735855000
0104 x 0104 x 0104	    7.0109	  52.5899124000	  59.0336266000
0105 x 0105 x 0105	    7.0783	  52.5062981000	  59.0413170000
0106 x 0106 x 0106	    7.1458	  52.9846802000	  59.0772934000
0107 x 0107 x 0107	    7.2132	  52.6578255000	  59.0913963000
0108 x 0108 x 0108	    7.2806	  52.8628769000	  59.0831871000
0109 x 0109 x 0109	    7.3480	  52.7199821000	  59.0824585000
0110 x 0110 x 0110	    7.4154	  52.7789650000	  59.0727272000
0111 x 0111 x 0111	    7.4828	  52.5922546000	  59.0525513000
0112 x 0112 x 0112	    7.5502	  52.8333130000	  59.0364761000
0113 x 0113 x 0113	    7.6177	  52.9565163000	  59.1022797000
0114 x 0114 x 0114	    7.6851	  53.1566391000	  59.1023979000
0115 x 0115 x 0115	    7.7525	  52.8304443000	  59.0625114000
0116 x 0116 x 0116	    7.8199	  53.0390854000	  59.1073341000
0117 x 0117 x 0117	    7.8873	  53.0247345000	  59.0626488000
0118 x 0118 x 0118	    7.9547	  53.1566010000	  59.0578842000
0119 x 0119 x 0119	    8.0221	  52.8170929000	  59.0418472000
0120 x 0120 x 0120	    8.0895	  52.7417259000	  59.1173592000
0121 x 0121 x 0121	    8.1570	  52.7381783000	  59.1043167000
0122 x 0122 x 0122	    8.2244	  52.9628563000	  59.0764236000
0123 x 0123 x 0123	    8.2918	  53.1101341000	  59.0517769000
0124 x 0124 x 0124	    8.3592	  52.8684196000	  59.0686989000
0125 x 0125 x 0125	    8.4266	  52.9903107000	  59.0484962000
0126 x 0126 x 0126	    8.4940	  53.0313797000	  59.0655975000
0127 x 0127 x 0127	    8.5614	  52.9268188000	  59.0935898000
0128 x 0128 x 0128	    8.6288	  52.9684525000	  59.0503693000
0129 x 0129 x 0129	    8.6963	  52.8703499000	  59.0693398000
0130 x 0130 x 0130	    8.7637	  52.7298164000	  59.0639038000
0131 x 0131 x 0131	    8.8311	  52.7339859000	  59.0787964000
0132 x 0132 x 0132	    8.8985	  52.9060822000	  59.0824738000
0133 x 0133 x 0133	    8.9659	  53.2629967000	  59.0808945000
0134 x 0134 x 0134	    9.0333	  53.1089249000	  59.0555534000
0135 x 0135 x 0135	    9.1007	  53.2295685000	  59.0706291000
0136 x 0136 x 0136	    9.1681	  53.2669258000	  59.0869446000
0137 x 0137 x 0137	    9.2356	  53.0660706000	  59.0543976000
0138 x 0138 x 0138	    9.3030	  52.9661293000	  59.0513535000
0139 x 0139 x 0139	    9.3704	  53.0607643000	  59.0876465000
0140 x 0140 x 0140	    9.4378	  53.0772209000	  59.0792999000
0141 x 0141 x 0141	    9.5052	  53.1142960000	  59.0540276000
0142 x 0142 x 0142	    9.5726	  52.8709641000	  59.0960426000
0143 x 0143 x 0143	    9.6400	  53.1445999000	  59.0782776000
0144 x 0144 x 0144	    9.7074	  53.2421112000	  59.0827713000
0145 x 0145 x 0145	    9.7749	  53.0771713000	  59.0719109000
0146 x 0146 x 0146	    9.8423	  53.2359123000	  59.0677261000
0147 x 0147 x 0147	    9.9097	  53.0669212000	  59.0808563000
0148 x 0148 x 0148	    9.9771	  52.9722443000	  59.0942307000
0149 x 0149 x 0149	   10.0445	  53.1271820000	  59.0679893000
0150 x 0150 x 0150	   10.1119	  53.1375122000	  59.0478249000
0151 x 0151 x 0151	   10.1793	  53.1230927000	  59.0673218000
0152 x 0152 x 0152	   10.2468	  53.1888123000	  59.0634842000
0153 x 0153 x 0153	   10.3142	  53.2401199000	  59.0708809000
0154 x 0154 x 0154	   10.3816	  53.1916389000	  59.0564651000
0155 x 0155 x 0155	   10.4490	  53.4251289000	  59.0784836000
0156 x 0156 x 0156	   10.5164	  53.2138710000	  59.0554886000
0157 x 0157 x 0157	   10.5838	  53.2077255000	  59.0779915000
0158 x 0158 x 0158	   10.6512	  53.2083702000	  59.0582085000
0159 x 0159 x 0159	   10.7186	  53.2963676000	  59.0592194000
0160 x 0160 x 0160	   10.7861	  53.2487335000	  59.0877419000
0161 x 0161 x 0161	   10.8535	  53.2460213000	  59.0817871000
0162 x 0162 x 0162	   10.9209	  53.3049049000	  59.0616341000
0163 x 0163 x 0163	   10.9883	  53.2118797000	  59.0580597000
0164 x 0164 x 0164	   11.0557	  53.2200813000	  59.0654488000
0165 x 0165 x 0165	   11.1231	  53.2814445000	  59.0591545000
0166 x 0166 x 0166	   11.1905	  53.3082008000	  59.0750580000
0167 x 0167 x 0167	   11.2579	  53.1436310000	  59.0827484000
0168 x 0168 x 0168	   11.3254	  53.0734787000	  59.0599594000
0169 x 0169 x 0169	   11.3928	  53.0926514000	  59.0667839000
0170 x 0170 x 0170	   11.4602	  53.4043388000	  59.0771866000
0171 x 0171 x 0171	   11.5276	  53.0939980000	  59.0718079000
0172 x 0172 x 0172	   11.5950	  53.2125282000	  59.0864258000
0173 x 0173 x 0173	   11.6624	  53.2371521000	  59.0726547000
0174 x 0174 x 0174	   11.7298	  53.2622261000	  59.0700798000
0175 x 0175 x 0175	   11.7972	  53.1842995000	  59.0713844000
0176 x 0176 x 0176	   11.8647	  53.3188095000	  59.0704384000
0177 x 0177 x 0177	   11.9321	  53.4521828000	  59.0720901000
0178 x 0178 x 0178	   11.9995	  53.3314590000	  59.0587311000
0179 x 0179 x 0179	   12.0669	  53.2502098000	  59.0764580000
0180 x 0180 x 0180	   12.1343	  53.2912369000	  59.0690308000
0181 x 0181 x 0181	   12.2017	  53.4456711000	  59.0847893000
0182 x 0182 x 0182	   12.2691	  53.1868744000	  59.0680237000
0183 x 0183 x 0183	   12.3366	  53.3227043000	  59.0713043000
0184 x 0184 x 0184	   12.4040	  53.3197174000	  59.0687828000
0185 x 0185 x 0185	   12.4714	  53.2610168000	  59.0796356000
0186 x 0186 x 0186	   12.5388	  53.3474083000	  59.0745468000
0187 x 0187 x 0187	   12.6062	  53.2749176000	  59.0736046000
0188 x 0188 x 0188	   12.6736	  53.3312073000	  59.0756950000
0189 x 0189 x 0189	   12.7410	  53.2838478000	  59.0737991000
0190 x 0190 x 0190	   12.8084	  53.3311234000	  59.0616112000
0191 x 0191 x 0191	   12.8759	  53.2715378000	  59.0655136000
0192 x 0192 x 0192	   12.9433	  53.3820572000	  59.0697403000
0193 x 0193 x 0193	   13.0107	  53.2972107000	  59.0635300000
0194 x 0194 x 0194	   13.0781	  53.3845901000	  59.0792122000
0195 x 0195 x 0195	   13.1455	  53.2548676000	  59.0774460000
0196 x 0196 x 0196	   13.2129	  53.3228455000	  59.0683937000
0197 x 0197 x 0197	   13.2803	  53.3300209000	  59.0699921000
0198 x 0198 x 0198	   13.3477	  53.3061333000	  59.0613556000
0199 x 0199 x 0199	   13.4152	  53.4489098000	  59.0623741000
0200 x 0200 x 0200	   13.4826	  53.2501755000	  59.0877762000
0201 x 0201 x 0201	   13.5500	  53.3466568000	  59.0793076000
0202 x 0202 x 0202	   13.6174	  53.4344559000	  59.0607758000
0203 x 0203 x 0203	   13.6848	  53.4339828000	  59.0667191000
0204 x 0204 x 0204	   13.7522	  53.3614769000	  59.0690269000
0205 x 0205 x 0205	   13.8196	  53.4509354000	  59.0691490000
0206 x 0206 x 0206	   13.8870	  53.4067993000	  59.0699005000
0207 x 0207 x 0207	   13.9545	  53.3971367000	  59.0683289000
0208 x 0208 x 0208	   14.0219	  53.4643631000	  59.0713196000
0209 x 0209 x 0209	   14.0893	  53.3354759000	  59.0709686000
0210 x 0210 x 0210	   14.1567	  53.3636971000	  59.0665588000
0211 x 0211 x 0211	   14.2241	  53.3835526000	  59.0706406000
0212 x 0212 x 0212	   14.2915	  53.4600334000	  59.0814896000
0213 x 0213 x 0213	   14.3589	  53.3657799000	  59.0683289000
0214 x 0214 x 0214	   14.4263	  53.4064598000	  59.0665398000
0215 x 0215 x 0215	   14.4938	  53.3494072000	  59.0771561000
0216 x 0216 x 0216	   14.5612	  53.3808365000	  59.0674095000
0217 x 0217 x 0217	   14.6286	  53.3941460000	  59.0682907000
0218 x 0218 x 0218	   14.6960	  53.4441719000	  59.0691986000
0219 x 0219 x 0219	   14.7634	  53.4675293000	  59.0747757000
0220 x 0220 x 0220	   14.8308	  53.3524857000	  59.0738907000
0221 x 0221 x 0221	   14.8982	  53.4253960000	  59.0710297000
0222 x 0222 x 0222	   14.9657	  53.4284515000	  59.0662231000
0223 x 0223 x 0223	   15.0331	  53.4631844000	  59.0668983000
0224 x 0224 x 0224	   15.1005	  53.4184875000	  59.0677795000
0225 x 0225 x 0225	   15.1679	  53.5378265000	  59.0627747000
0226 x 0226 x 0226	   15.2353	  53.5675888000	  59.0714684000
0227 x 0227 x 0227	   15.3027	  53.4507027000	  59.0657120000
0228 x 0228 x 0228	   15.3701	  53.4955521000	  59.0687981000
0229 x 0229 x 0229	   15.4375	  53.6211319000	  59.0726929000
0230 x 0230 x 0230	   15.5050	  53.5445442000	  59.0668869000
0231 x 0231 x 0231	   15.5724	  53.4588280000	  59.0625687000
0232 x 0232 x 0232	   15.6398	  53.4575157000	  59.0790329000
0233 x 0233 x 0233	   15.7072	  53.6066780000	  59.0631943000
0234 x 0234 x 0234	   15.7746	  53.5156860000	  59.0647202000
0235 x 0235 x 0235	   15.8420	  53.3761749000	  59.0742111000
0236 x 0236 x 0236	   15.9094	  53.4891434000	  59.0694962000
0237 x 0237 x 0237	   15.9768	  53.4767036000	  59.0675583000
0238 x 0238 x 0238	   16.0443	  53.4743652000	  59.0604477000
0239 x 0239 x 0239	   16.1117	  53.4992142000	  59.0630722000
0240 x 0240 x 0240	   16.1791	  53.4484787000	  59.0751724000
0241 x 0241 x 0241	   16.2465	  53.3797569000	  59.0804291000
0242 x 0242 x 0242	   16.3139	  53.4267731000	  59.0701752000
0243 x 0243 x 0243	   16.3813	  53.4733963000	  59.0622597000
0244 x 0244 x 0244	   16.4487	  53.4601936000	  59.0668259000
0245 x 0245 x 0245	   16.5161	  53.4676857000	  59.0726738000
0246 x 0246 x 0246	   16.5836	  53.5310516000	  59.0678139000
0247 x 0247 x 0247	   16.6510	  53.6020508000	  59.0709877000
0248 x 0248 x 0248	   16.7184	  53.4730568000	  59.0756607000
0249 x 0249 x 0249	   16.7858	  53.5305252000	  59.0747643000
0250 x 0250 x 0250	   16.8532	  53.6165123000	  59.0652390000
0251 x 0251 x 0251	   16.9206	  53.5521736000	  59.0677605000
0252 x 0252 x 0252	   16.9880	  53.4759331000	  59.0686340000
0253 x 0253 x 0253	   17.0554	  53.4732895000	  59.0665894000
0254 x 0254 x 0254	   17.1229	  53.5701141000	  59.0674820000
0255 x 0255 x 0255	   17.1903	  53.5223236000	  59.0750084000
0256 x 0256 x 0256	   17.2577	  53.5067635000	  59.0677147000
0257 x 0257 x 0257	   17.3251	  53.4754257000	  59.0731277000
0258 x 0258 x 0258	   17.3925	  53.5483551000	  59.0700378000
0259 x 0259 x 0259	   17.4599	  53.4532776000	  59.0655937000
0260 x 0260 x 0260	   17.5273	  53.4595833000	  59.0699806000
0261 x 0261 x 0261	   17.5948	  53.5054092000	  59.0762901000
0262 x 0262 x 0262	   17.6622	  53.4467506000	  59.0695992000
0263 x 0263 x 0263	   17.7296	  53.4783363000	  59.0741234000
0264 x 0264 x 0264	   17.7970	  53.4822540000	  59.0726395000
0265 x 0265 x 0265	   17.8644	  53.5016479000	  59.0683937000
0266 x 0266 x 0266	   17.9318	  53.6635704000	  59.0701942000
0267 x 0267 x 0267	   17.9992	  53.5693817000	  59.0698700000
0268 x 0268 x 0268	   18.0666	  53.6196785000	  59.0710220000
0269 x 0269 x 0269	   18.1341	  53.5703545000	  59.0712547000
0270 x 0270 x 0270	   18.2015	  53.6480179000	  59.0702057000
0271 x 0271 x 0271	   18.2689	  53.5145264000	  59.0690384000
0272 x 0272 x 0272	   18.3363	  53.5644722000	  59.0691681000
0273 x 0273 x 0273	   18.4037	  53.5788612000	  59.0685196000
0274 x 0274 x 0274	   18.4711	  53.5939407000	  59.0723457000
0275 x 0275 x 0275	   18.5385	  53.6223831000	  59.0721016000
0276 x 0276 x 0276	   18.6059	  53.5355759000	  59.0671730000
0277 x 0277 x 0277	   18.6734	  53.5777969000	  59.0639305000
0278 x 0278 x 0278	   18.7408	  53.5600471000	  59.0711899000
0279 x 0279 x 0279	   18.8082	  53.5537376000	  59.0749626000
0280 x 0280 x 0280	   18.8756	  53.5624809000	  59.0726776000
0281 x 0281 x 0281	   18.9430	  53.5425415000	  59.0739441000
0282 x 0282 x 0282	   19.0104	  53.5074883000	  59.0655823000
0283 x 0283 x 0283	   19.0778	  53.5637131000	  59.0634155000
0284 x 0284 x 0284	   19.1452	  53.5081139000	  59.0688400000
0285 x 0285 x 0285	   19.2127	  53.5343513000	  59.0682220000
0286 x 0286 x 0286	   19.2801	  53.5573235000	  59.0709152000
0287 x 0287 x 0287	   19.3475	  53.5963135000	  59.0730133000
0288 x 0288 x 0288	   19.4149	  53.6271858000	  59.0741272000
0289 x 0289 x 0289	   19.4823	  53.5960083000	  59.0644531000
0290 x 0290 x 0290	   19.5497	  53.6248016000	  59.0641365000
0291 x 0291 x 0291	   19.6171	  53.5912323000	  59.0673027000
0292 x 0292 x 0292	   19.6845	  53.6437111000	  59.0718803000
0293 x 0293 x 0293	   19.7520	  53.5893974000	  59.0694313000
0294 x 0294 x 0294	   19.8194	  53.6122513000	  59.0744438000
0295 x 0295 x 0295	   19.8868	  53.6360512000	  59.0710411000
0296 x 0296 x 0296	   19.9542	  53.6044044000	  59.0683098000
0297 x 0297 x 0297	   20.0216	  53.5897446000	  59.0687675000
0298 x 0298 x 0298	   20.0890	  53.5926476000	  59.0642853000
0299 x 0299 x 0299	   20.1564	  53.6557808000	  59.0695038000
0300 x 0300 x 0300	   20.2239	  53.5810356000	  59.0737648000
0301 x 0301 x 0301	   20.2913	  53.5257530000	  59.0722733000
0302 x 0302 x 0302	   20.3587	  53.5924606000	  59.0693130000
0303 x 0303 x 0303	   20.4261	  53.5966263000	  59.0693359000
0304 x 0304 x 0304	   20.4935	  53.5342445000	  59.0676956000
0305 x 0305 x 0305	   20.5609	  53.5603943000	  59.0669174000
0306 x 0306 x 0306	   20.6283	  53.6094437000	  59.0678101000
0307 x 0307 x 0307	   20.6957	  53.6360855000	  59.0703545000
0308 x 0308 x 0308	   20.7632	  53.5914955000	  59.0702896000
0309 x 0309 x 0309	   20.8306	  53.5373230000	  59.0658531000
0310 x 0310 x 0310	   20.8980	  53.7012177000	  59.0687866000
0311 x 0311 x 0311	   20.9654	  53.5979691000	  59.0660744000
0312 x 0312 x 0312	   21.0328	  53.6241646000	  59.0709801000
0313 x 0313 x 0313	   21.1002	  53.6164360000	  59.0700378000
0314 x 0314 x 0314	   21.1676	  53.7061157000	  59.0698776000
0315 x 0315 x 0315	   21.2350	  53.6359711000	  59.0675163000
0316 x 0316 x 0316	   21.3025	  53.5919075000	  59.0725479000
0317 x 0317 x 0317	   21.3699	  53.6574059000	  59.0667076000
0318 x 0318 x 0318	   21.4373	  53.6702766000	  59.0648232000
0319 x 0319 x 0319	   21.5047	  53.6513634000	  59.0700340000
0320 x 0320 x 0320	   21.5721	  53.5825500000	  59.0738373000
0321 x 0321 x 0321	   21.6395	  53.6125488000	  59.0683708000
0322 x 0322 x 0322	   21.7069	  53.5724297000	  59.0685310000
0323 x 0323 x 0323	   21.7743	  53.6074448000	  59.0702362000
0324 x 0324 x 0324	   21.8418	  53.5949287000	  59.0688629000
0325 x 0325 x 0325	   21.9092	  53.6515007000	  59.0698853000
0326 x 0326 x 0326	   21.9766	  53.5993156000	  59.0680962000
0327 x 0327 x 0327	   22.0440	  53.6383209000	  59.0695724000
0328 x 0328 x 0328	   22.1114	  53.6862869000	  59.0720406000
0329 x 0329 x 0329	   22.1788	  53.6124153000	  59.0710869000
0330 x 0330 x 0330	   22.2462	  53.5885048000	  59.0661697000
0331 x 0331 x 0331	   22.3137	  53.6165581000	  59.0695801000
0332 x 0332 x 0332	   22.3811	  53.6314240000	  59.0692863000
0333 x 0333 x 0333	   22.4485	  53.5940628000	  59.0717964000
0334 x 0334 x 0334	   22.5159	  53.6971626000	  59.0677681000
0335 x 0335 x 0335	   22.5833	  53.6986847000	  59.0686569000
0336 x 0336 x 0336	   22.6507	  53.6274033000	  59.0676956000
0337 x 0337 x 0337	   22.7181	  53.6515465000	  59.0698471000
0338 x 0338 x 0338	   22.7855	  53.6714134000	  59.0715866000
0339 x 0339 x 0339	   22.8530	  53.6923752000	  59.0699120000
0340 x 0340 x 0340	   22.9204	  53.6265907000	  59.0689468000
0341 x 0341 x 0341	   22.9878	  53.6112137000	  59.0676003000
0342 x 0342 x 0342	   23.0552	  53.6807671000	  59.0709152000
0343 x 0343 x 0343	   23.1226	  53.6558685000	  59.0692406000
0344 x 0344 x 0344	   23.1900	  53.6687927000	  59.0707855000
0345 x 0345 x 0345	   23.2574	  53.6513519000	  59.0661278000
0346 x 0346 x 0346	   23.3248	  53.7145729000	  59.0684662000
0347 x 0347 x 0347	   23.3923	  53.6684494000	  59.0696411000
0348 x 0348 x 0348	   23.4597	  53.6640167000	  59.0721054000
0349 x 0349 x 0349	   23.5271	  53.6847305000	  59.0665703000
0350 x 0350 x 0350	   23.5945	  53.6102371000	  59.0696259000
0351 x 0351 x 0351	   23.6619	  53.6746750000	  59.0700912000
0352 x 0352 x 0352	   23.7293	  53.6624565000	  59.0708084000
0353 x 0353 x 0353	   23.7967	  53.6006813000	  59.0687103000
0354 x 0354 x 0354	   23.8641	  53.7017937000	  59.0690002000
0355 x 0355 x 0355	   23.9316	  53.7006683000	  59.0678711000
0356 x 0356 x 0356	   23.9990	  53.6980324000	  59.0675240000
0357 x 0357 x 0357	   24.0664	  53.6513557000	  59.0673218000
0358 x 0358 x 0358	   24.1338	  53.6920738000	  59.0696030000
0359 x 0359 x 0359	   24.2012	  53.7082024000	  59.0688171000
0360 x 0360 x 0360	   24.2686	  53.6798401000	  59.0640411000
0361 x 0361 x 0361	   24.3360	  53.6532288000	  59.0690422000
0362 x 0362 x 0362	   24.4034	  53.7043800000	  59.0712242000
0363 x 0363 x 0363	   24.4709	  53.6604271000	  59.0703087000
0364 x 0364 x 0364	   24.5383	  53.6475296000	  59.0694427000
0365 x 0365 x 0365	   24.6057	  53.6976204000	  59.0702705000
0366 x 0366 x 0366	   24.6731	  53.6882477000	  59.0696754000
0367 x 0367 x 0367	   24.7405	  53.7127686000	  59.0687675000
0368 x 0368 x 0368	   24.8079	  53.6986427000	  59.0692520000
0369 x 0369 x 0369	   24.8753	  53.6867065000	  59.0662880000
0370 x 0370 x 0370	   24.9428	  53.6723137000	  59.0668678000
0371 x 0371 x 0371	   25.0102	  53.6234512000	  59.0716362000
0372 x 0372 x 0372	   25.0776	  53.6730957000	  59.0738182000
0373 x 0373 x 0373	   25.1450	  53.6675797000	  59.0676308000
0374 x 0374 x 0374	   25.2124	  53.6476364000	  59.0667839000
0375 x 0375 x 0375	   25.2798	  53.6962204000	  59.0691757000
0376 x 0376 x 0376	   25.3472	  53.6830978000	  59.0724525000
0377 x 0377 x 0377	   25.4146	  53.6985321000	  59.0710411000
0378 x 0378 x 0378	   25.4821	  53.6855240000	  59.0689011000
0379 x 0379 x 0379	   25.5495	  53.6931877000	  59.0681686000
0380 x 0380 x 0380	   25.6169	  53.6808243000	  59.0712852000
0381 x 0381 x 0381	   25.6843	  53.7318230000	  59.0700378000
0382 x 0382 x 0382	   25.7517	  53.6915970000	  59.0694962000
0383 x 0383 x 0383	   25.8191	  53.7177010000	  59.0692520000
0384 x 0384 x 0384	   25.8865	  53.7021561000	  59.0724716000
0385 x 0385 x 0385	   25.9539	  53.6657639000	  59.0659904000
0386 x 0386 x 0386	   26.0214	  53.7073326000	  59.0681419000
0387 x 0387 x 0387	   26.0888	  53.7297897000	  59.0716667000
0388 x 0388 x 0388	   26.1562	  53.7343025000	  59.0709076000
0389 x 0389 x 0389	   26.2236	  53.6446381000	  59.0689545000
0390 x 0390 x 0390	   26.2910	  53.6445847000	  59.0689125000
0391 x 0391 x 0391	   26.3584	  53.7230606000	  59.0660934000
0392 x 0392 x 0392	   26.4258	  53.6958618000	  59.0706596000
0393 x 0393 x 0393	   26.4932	  53.6510010000	  59.0701332000
0394 x 0394 x 0394	   26.5607	  53.6774521000	  59.0710030000
0395 x 0395 x 0395	   26.6281	  53.7093391000	  59.0699120000
0396 x 0396 x 0396	   26.6955	  53.6836510000	  59.0690842000
0397 x 0397 x 0397	   26.7629	  53.6509094000	  59.0691910000
0398 x 0398 x 0398	   26.8303	  53.7006035000	  59.0656891000
0399 x 0399 x 0399	   26.8977	  53.7327538000	  59.0660858000
0400 x 0400 x 0400	   26.9651	  53.6880150000	  59.0698776000
0401 x 0401 x 0401	   27.0325	  53.6848183000	  59.0708504000
0402 x 0402 x 0402	   27.1000	  53.7328720000	  59.0711937000
0403 x 0403 x 0403	   27.1674	  53.7226601000	  59.0691147000
0404 x 0404 x 0404	   27.2348	  53.6887932000	  59.0685616000
0405 x 0405 x 0405	   27.3022	  53.7425041000	  59.0671310000
0406 x 0406 x 0406	   27.3696	  53.7218018000	  59.0703850000
0407 x 0407 x 0407	   27.4370	  53.7378616000	  59.0698357000
0408 x 0408 x 0408	   27.5044	  53.7423134000	  59.0705109000
0409 x 0409 x 0409	   27.5719	  53.6904984000	  59.0677032000
0410 x 0410 x 0410	   27.6393	  53.7087555000	  59.0686455000
0411 x 0411 x 0411	   27.7067	  53.6814995000	  59.0695076000
0412 x 0412 x 0412	   27.7741	  53.7238541000	  59.0707321000
0413 x 0413 x 0413	   27.8415	  53.7104530000	  59.0688095000
0414 x 0414 x 0414	   27.9089	  53.6869164000	  59.0687828000
0415 x 0415 x 0415	   27.9763	  53.7296219000	  59.0684814000
0416 x 0416 x 0416	   28.0437	  53.6987762000	  59.0699615000
0417 x 0417 x 0417	   28.1112	  53.7028313000	  59.0701408000
0418 x 0418 x 0418	   28.1786	  53.7026329000	  59.0706482000
0419 x 0419 x 0419	   28.2460	  53.7461891000	  59.0652657000
0420 x 0420 x 0420	   28.3134	  53.7036171000	  59.0675659000
0421 x 0421 x 0421	   28.3808	  53.7534370000	  59.0703964000
0422 x 0422 x 0422	   28.4482	  53.7606544000	  59.0689011000
0423 x 0423 x 0423	   28.5156	  53.7253265000	  59.0694008000
0424 x 0424 x 0424	   28.5830	  53.7156448000	  59.0710411000
0425 x 0425 x 0425	   28.6505	  53.7318459000	  59.0683594000
0426 x 0426 x 0426	   28.7179	  53.7340355000	  59.0699425000
0427 x 0427 x 0427	   28.7853	  53.7356873000	  59.0689049000
0428 x 0428 x 0428	   28.8527	  53.7511482000	  59.0704803000
0429 x 0429 x 0429	   28.9201	  53.7425385000	  59.0694427000
0430 x 0430 x 0430	   28.9875	  53.7095680000	  59.0697632000
0431 x 0431 x 0431	   29.0549	  53.7510147000	  59.0689888000
0432 x 0432 x 0432	   29.1223	  53.7451668000	  59.0692062000
0433 x 0433 x 0433	   29.1898	  53.7131119000	  59.0693665000
0434 x 0434 x 0434	   29.2572	  53.6927032000	  59.0687332000
0435 x 0435 x 0435	   29.3246	  53.7228584000	  59.0701981000
0436 x 0436 x 0436	   29.3920	  53.7520752000	  59.0721054000
0437 x 0437 x 0437	   29.4594	  53.6571503000	  59.0688477000
0438 x 0438 x 0438	   29.5268	  53.7268410000	  59.0676079000
0439 x 0439 x 0439	   29.5942	  53.7242966000	  59.0674324000
0440 x 0440 x 0440	   29.6617	  53.7248688000	  59.0698128000
0441 x 0441 x 0441	   29.7291	  53.7152176000	  59.0711136000
0442 x 0442 x 0442	   29.7965	  53.6841469000	  59.0694122000
0443 x 0443 x 0443	   29.8639	  53.7859306000	  59.0673981000
0444 x 0444 x 0444	   29.9313	  53.7208786000	  59.0699730000
0446 x 0446 x 0446	   30.0661	  53.7265053000	  59.0693245000
0448 x 0448 x 0448	   30.2010	  53.7445068000	  59.0689735000
0449 x 0449 x 0449	   30.2684	  53.7280083000	  59.0694122000
0450 x 0450 x 0450	   30.3358	  53.7617035000	  59.0693970000
0451 x 0451 x 0451	   30.4032	  53.7531204000	  59.0708618000
0452 x 0452 x 0452	   30.4706	  53.7719078000	  59.0703659000
0453 x 0453 x 0453	   30.5380	  53.6727982000	  59.0673904000
0454 x 0454 x 0454	   30.6054	  53.7503433000	  59.0670815000
0455 x 0455 x 0455	   30.6728	  53.7435760000	  59.0703773000
0456 x 0456 x 0456	   30.7403	  53.7344818000	  59.0706635000
0457 x 0457 x 0457	   30.8077	  53.7203178000	  59.0707550000
0458 x 0458 x 0458	   30.8751	  53.7340050000	  59.0688591000
0459 x 0459 x 0459	   30.9425	  53.7729607000	  59.0706749000
0460 x 0460 x 0460	   31.0099	  53.7344093000	  59.0712242000
0461 x 0461 x 0461	   31.0773	  53.7497215000	  59.0686073000
0462 x 0462 x 0462	   31.1447	  53.7271042000	  59.0689163000
0463 x 0463 x 0463	   31.2121	  53.7054367000	  59.0692749000
0464 x 0464 x 0464	   31.2796	  53.7165833000	  59.0717850000
0465 x 0465 x 0465	   31.3470	  53.7682610000	  59.0694427000
0466 x 0466 x 0466	   31.4144	  53.7776756000	  59.0682678000
0467 x 0467 x 0467	   31.4818	  53.7476654000	  59.0709343000
0468 x 0468 x 0468	   31.5492	  53.7948151000	  59.0696259000
0469 x 0469 x 0469	   31.6166	  53.7599640000	  59.0677719000
0470 x 0470 x 0470	   31.6840	  53.7615280000	  59.0692520000
0472 x 0472 x 0472	   31.8189	  53.7492828000	  59.0687828000
0473 x 0473 x 0473	   31.8863	  53.7646217000	  59.0711174000
0474 x 0474 x 0474	   31.9537	  53.7132492000	  59.0702400000
0475 x 0475 x 0475	   32.0211	  53.7480431000	  59.0685616000
0476 x 0476 x 0476	   32.0885	  53.7586288000	  59.0692940000
0477 x 0477 x 0477	   32.1559	  53.7184410000	  59.0704994000
0478 x 0478 x 0478	   32.2233	  53.7439117000	  59.0673447000
0479 x 0479 x 0479	   32.2908	  53.7476311000	  59.0701103000
0480 x 0480 x 0480	   32.3582	  53.7725754000	  59.0704079000
0481 x 0481 x 0481	   32.4256	  53.7608337000	  59.0701103000
0482 x 0482 x 0482	   32.4930	  53.7366447000	  59.0687103000
0483 x 0483 x 0483	   32.5604	  53.7521362000	  59.0687141000
0484 x 0484 x 0484	   32.6278	  53.7339554000	  59.0696564000
0485 x 0485 x 0485	   32.6952	  53.7580147000	  59.0688171000
0486 x 0486 x 0486	   32.7626	  53.7310486000	  59.0704613000
0487 x 0487 x 0487	   32.8301	  53.7688751000	  59.0708961000
0488 x 0488 x 0488	   32.8975	  53.7935486000	  59.0695457000
0489 x 0489 x 0489	   32.9649	  53.7618713000	  59.0689354000
0490 x 0490 x 0490	   33.0323	  53.7682037000	  59.0691566000
0491 x 0491 x 0491	   33.0997	  53.7862358000	  59.0694427000
0492 x 0492 x 0492	   33.1671	  53.7917137000	  59.0689735000
0493 x 0493 x 0493	   33.2345	  53.7552757000	  59.0692177000
0494 x 0494 x 0494	   33.3019	  53.7786064000	  59.0694656000
0495 x 0495 x 0495	   33.3694	  53.7712288000	  59.0689011000
0496 x 0496 x 0496	   33.4368	  53.7529755000	  59.0678635000
0497 x 0497 x 0497	   33.5042	  53.7619171000	  59.0702400000
0498 x 0498 x 0498	   33.5716	  53.7450600000	  59.0703125000
0499 x 0499 x 0499	   33.6390	  53.8069954000	  59.0692215000
0500 x 0500 x 0500	   33.7064	  53.7475052000	  59.0694962000
0503 x 0503 x 0503	   33.9087	  53.7804489000	  59.0695305000
0504 x 0504 x 0504	   33.9761	  53.7374954000	  59.0699959000
0505 x 0505 x 0505	   34.0435	  53.7424622000	  59.0687943000
0506 x 0506 x 0506	   34.1109	  53.7616005000	  59.0682449000
0507 x 0507 x 0507	   34.1783	  53.7475357000	  59.0687675000
0508 x 0508 x 0508	   34.2457	  53.8019905000	  59.0707436000
0509 x 0509 x 0509	   34.3131	  53.7586975000	  59.0687332000
0510 x 0510 x 0510	   34.3805	  53.7840538000	  59.0701828000
0511 x 0511 x 0511	   34.4480	  53.7826729000	  59.0681076000
0512 x 0512 x 0512	   34.5154	  53.8019066000	  59.0692406000
0513 x 0513 x 0513	   34.5828	  53.7599792000	  59.0698051000
0515 x 0515 x 0515	   34.7176	  53.7843285000	  59.0696144000
0516 x 0516 x 0516	   34.7850	  53.7609444000	  59.0712242000
0517 x 0517 x 0517	   34.8524	  53.7606544000	  59.0685349000
0518 x 0518 x 0518	   34.9199	  53.7862854000	  59.0691643000
0519 x 0519 x 0519	   34.9873	  53.7678642000	  59.0700226000
0520 x 0520 x 0520	   35.0547	  53.7862244000	  59.0706406000
0521 x 0521 x 0521	   35.1221	  53.7753410000	  59.0678825000
0522 x 0522 x 0522	   35.1895	  53.7798691000	  59.0705643000
