ProbeR	  Phi_acc
0.000	  69.9159470000
0.010	  69.6044693000
0.020	  69.2994690000
0.030	  68.9910049000
0.040	  68.6835861000
0.050	  68.3799973000
0.060	  68.0786057000
0.070	  67.7761459000
0.080	  67.4725266000
0.090	  67.1684647000
0.100	  68.8399200000
0.110	  68.9367447000
0.120	  68.6284790000
0.130	  68.3215942000
0.140	  68.0141983000
0.150	  69.0719986000
0.160	  68.7587357000
0.170	  68.4623718000
0.180	  68.7726822000
0.190	  68.4674301000
0.200	  68.4797745000
0.210	  68.4020233000
0.220	  68.0950394000
0.230	  68.8960648000
0.240	  68.5950851000
0.250	  68.9057388000
0.260	  68.6056671000
0.270	  68.3089905000
0.280	  68.0207672000
0.290	  68.4056015000
0.300	  68.6225433000
0.310	  68.5779266000
0.320	  68.6281052000
0.330	  68.4049988000
0.340	  68.4166641000
0.350	  68.3390274000
0.360	  68.2219009000
0.370	  68.2944794000
0.380	  68.5067368000
0.390	  68.2218094000
0.400	  68.0418777000
0.410	  68.0500793000
0.420	  68.2893906000
0.430	  68.3296967000
0.440	  68.2784882000
0.450	  68.1954803000
0.460	  68.2248230000
0.470	  68.2423248000
0.480	  67.9544449000
0.490	  67.8693008000
0.500	  67.8796387000
0.510	  68.1209564000
0.520	  68.1274567000
0.530	  67.8822174000
0.540	  68.0683670000
0.550	  67.9664764000
0.560	  67.7631760000
0.570	  67.7416534000
0.580	  67.8490067000
0.590	  67.8245316000
0.600	  67.8128815000
0.610	  67.6921692000
0.620	  67.7781296000
0.630	  67.5612869000
0.640	  67.7088165000
0.650	  67.7142258000
0.660	  67.6258163000
0.670	  67.5851974000
0.680	  67.5659943000
0.690	  67.3590775000
0.700	  67.3603058000
0.710	  67.5325699000
0.720	  67.4449768000
0.730	  67.4386597000
0.740	  67.4512558000
0.750	  67.3381577000
0.760	  67.3114853000
0.770	  67.2637253000
0.780	  67.2188644000
0.790	  67.2285767000
0.800	  67.0807571000
0.810	  67.2037201000
0.820	  67.1716461000
0.830	  67.1255798000
0.840	  67.0760956000
0.850	  66.9015121000
0.860	  66.9853363000
0.870	  67.0246048000
0.880	  66.9514618000
0.890	  66.8494492000
0.900	  66.8106232000
0.910	  66.8390198000
0.920	  66.7766571000
0.930	  66.7692490000
0.940	  66.7396774000
0.950	  66.8050308000
0.960	  66.6765594000
0.970	  66.6281128000
0.980	  66.4843216000
0.990	  66.4686432000
1.000	  66.5115204000
1.010	  66.5116196000
1.020	  66.4213562000
1.030	  66.4147263000
1.040	  66.3950958000
1.050	  66.3400803000
1.060	  66.2364655000
1.070	  66.2322540000
1.080	  66.1986694000
1.090	  66.1261902000
1.100	  66.0462036000
1.110	  66.0292358000
1.120	  65.9756088000
1.130	  65.9250183000
1.140	  65.8774567000
1.150	  65.8373032000
1.160	  65.7702255000
1.170	  65.7050934000
1.180	  65.6586914000
1.190	  65.5721741000
1.200	  65.4712296000
1.210	  65.4863052000
1.220	  65.4978027000
1.230	  65.4680557000
1.240	  65.4356918000
1.250	  65.3383331000
1.260	  65.2262955000
1.270	  65.2358475000
1.280	  65.2164917000
1.290	  65.1921463000
1.300	  65.0888748000
1.310	  65.0671997000
1.320	  65.0482864000
1.330	  64.9637375000
1.340	  64.8911591000
1.350	  64.9178009000
1.360	  64.8689804000
1.370	  64.8456421000
1.380	  64.7264709000
1.390	  64.6827698000
1.400	  64.6191177000
1.410	  64.5739670000
1.420	  64.5279083000
1.430	  64.4921570000
1.440	  64.4486694000
1.450	  64.3918076000
1.460	  64.3487701000
1.470	  64.1740189000
1.480	  64.1753464000
1.490	  64.1069107000
1.500	  64.0713120000
1.510	  64.0336151000
1.520	  63.9943123000
1.530	  63.9452705000
1.540	  63.8731956000
1.550	  63.7064323000
1.560	  63.6964455000
1.570	  63.6416206000
1.580	  63.5747910000
1.590	  63.4628220000
1.600	  63.4104805000
1.610	  63.3610611000
1.620	  63.2084312000
1.630	  63.1809692000
1.640	  63.1070786000
1.650	  63.0391235000
1.660	  62.9540443000
1.670	  62.8719788000
1.680	  62.8090782000
1.690	  62.6126595000
1.700	  62.5512352000
1.710	  62.5097046000
1.720	  62.4212914000
1.730	  62.1770859000
1.740	  62.0838394000
1.750	  62.0198059000
1.760	  61.6672096000
1.770	  61.5711975000
1.780	  61.3115921000
1.790	  61.0788155000
1.800	  60.7911606000
1.810	  59.7787247000
1.820	  59.6868935000
1.830	  59.5892792000
1.840	  59.5159454000
1.850	  58.9859657000
1.860	  58.9091797000
1.870	  58.8820038000
1.880	  58.4053040000
1.890	  57.9209404000
1.900	  57.3820648000
1.910	  57.3455582000
1.920	  57.3051796000
1.930	  56.1568985000
1.940	  55.8072205000
1.950	  55.7170525000
1.960	  55.6966591000
1.970	  55.6137505000
1.980	  55.5344505000
1.990	  55.4744110000
2.000	  55.3881416000
2.010	  55.3176117000
2.020	  55.2940788000
2.030	  55.1940155000
2.040	  55.0990715000
2.050	  55.0616798000
2.060	  54.9863396000
2.070	  54.9440193000
2.080	  54.9155884000
2.090	  54.1306190000
2.100	  53.9421425000
2.110	  53.5502090000
2.120	  53.5268021000
2.130	  53.4894753000
2.140	  53.5072937000
2.150	  53.4429779000
2.160	  53.3878098000
2.170	  53.3316956000
2.180	  52.8601532000
2.190	  52.8265076000
2.200	  52.8066444000
2.210	  52.8128967000
2.220	  52.7643929000
2.230	  52.7304306000
2.240	  52.6774597000
2.250	  52.6583557000
2.260	  52.6370239000
2.270	  52.6084366000
2.280	  52.5742188000
2.290	  52.5459099000
2.300	  52.5063858000
2.310	  52.4815369000
2.320	  52.4388428000
2.330	  52.4046288000
2.340	  52.3968353000
2.350	  52.4017029000
2.360	  52.3654823000
2.370	  52.3386841000
2.380	  52.2814674000
2.390	  52.2461243000
2.400	  52.2205811000
2.410	  52.2049675000
2.420	  52.2135811000
2.430	  52.1633377000
2.440	  52.1459999000
2.450	  52.1266098000
2.460	  52.0665779000
2.470	  52.0671730000
2.480	  52.0272751000
2.490	  51.9950981000
2.500	  51.9608841000
2.510	  51.9411201000
2.520	  51.9043617000
2.530	  51.8787270000
2.540	  51.8766212000
2.550	  51.8339272000
2.560	  51.8545990000
2.570	  51.8101463000
2.580	  51.8036423000
2.590	  51.7302818000
2.600	  51.7056465000
2.610	  51.7002449000
2.620	  51.6568260000
2.630	  51.6621056000
2.640	  51.6439438000
2.650	  51.6217308000
2.660	  51.5982323000
2.670	  51.5551872000
2.680	  51.5163879000
2.690	  51.4854126000
2.700	  51.4722748000
2.710	  51.4960938000
2.720	  51.4562531000
2.730	  51.4262199000
2.740	  51.4211311000
2.750	  51.3773308000
2.760	  51.3205948000
2.770	  51.3247070000
2.780	  51.3225098000
2.790	  51.2691307000
2.800	  51.2636299000
2.810	  51.2761993000
2.820	  51.2418289000
2.830	  51.1876945000
2.840	  51.1762924000
2.850	  51.1375847000
2.860	  51.1353264000
2.870	  51.1199608000
2.880	  51.1176033000
2.890	  51.0775795000
2.900	  51.0250816000
2.910	  51.0266838000
2.920	  51.0230675000
2.930	  51.0085526000
2.940	  51.0006676000
2.950	  50.9416351000
2.960	  50.8872223000
2.970	  50.8894196000
2.980	  50.8693390000
2.990	  50.8831024000
3.000	  50.8652267000
3.010	  50.8241310000
3.020	  50.7870903000
3.030	  50.7638397000
3.040	  50.7484512000
3.050	  50.7379837000
3.060	  50.7234993000
3.070	  50.7004738000
3.080	  50.6682701000
3.090	  50.6395531000
3.100	  50.6194458000
3.110	  50.6114960000
3.120	  50.5795784000
3.130	  50.5785408000
3.140	  50.5466232000
3.150	  50.5191917000
3.160	  50.5128136000
3.170	  50.4925194000
3.180	  50.4736061000
3.190	  50.4168625000
3.200	  50.4246902000
3.210	  50.4166794000
3.220	  50.4234009000
3.230	  50.3944626000
3.240	  50.3469582000
3.250	  50.3298683000
3.260	  50.2850037000
3.270	  50.3052368000
3.280	  50.2858505000
3.290	  50.2715302000
3.300	  50.2361832000
3.310	  50.2103577000
3.320	  50.1888695000
3.330	  50.1398277000
3.340	  50.1631660000
3.350	  50.1352654000
3.360	  50.0894318000
3.370	  50.0799713000
3.380	  50.0641708000
3.390	  50.0430870000
3.400	  49.9800034000
3.410	  49.9780540000
3.420	  49.9584808000
3.430	  49.9134254000
3.440	  49.9172287000
3.450	  49.9158173000
3.460	  49.8636017000
3.470	  49.8182030000
3.480	  49.8018951000
3.490	  49.7927208000
3.500	  49.7143974000
3.510	  49.7177887000
3.520	  49.7169724000
3.530	  49.6637840000
3.540	  49.6525383000
3.550	  49.6558380000
3.560	  49.5812187000
3.570	  49.5602646000
3.580	  49.5435486000
3.590	  49.5046234000
3.600	  49.4567108000
3.610	  49.4368210000
3.620	  49.4132614000
3.630	  49.3338051000
3.640	  49.3273926000
3.650	  49.2893486000
3.660	  49.2772217000
3.670	  49.2405281000
3.680	  49.1941223000
3.690	  49.1354027000
3.700	  49.0894089000
3.710	  49.1059341000
3.720	  49.0496292000
3.730	  48.9613457000
3.740	  48.9180222000
3.750	  48.8897476000
3.760	  48.8520126000
3.770	  48.8473320000
3.780	  48.8027496000
3.790	  48.7535553000
3.800	  48.6806297000
3.810	  48.6146851000
3.820	  48.5935097000
3.830	  48.5590134000
3.840	  48.5236092000
3.850	  48.4926605000
3.860	  48.3981895000
3.870	  48.3552055000
3.880	  48.3446846000
3.890	  48.2684021000
3.900	  48.2329597000
3.910	  48.2267418000
3.920	  48.1719780000
3.930	  48.1094894000
3.940	  48.0424767000
3.950	  47.9992447000
3.960	  47.9375420000
3.970	  47.8954124000
3.980	  47.8691750000
3.990	  47.8098946000
4.000	  47.7256927000
4.010	  47.6817398000
4.020	  47.6518288000
4.030	  47.5977287000
4.040	  47.5158882000
4.050	  47.5065842000
4.060	  47.4027519000
4.070	  47.3623466000
4.080	  47.3173599000
4.090	  47.2308960000
4.100	  47.1834869000
4.110	  47.1240120000
4.120	  47.1251755000
4.130	  47.0246696000
4.140	  46.9826012000
4.150	  46.9228439000
4.160	  46.8713837000
4.170	  46.8463135000
4.180	  46.7240372000
4.190	  46.6579933000
4.200	  46.6676407000
4.210	  46.6149216000
4.220	  46.5752411000
4.230	  46.4826241000
4.240	  46.4577713000
4.250	  46.3501663000
4.260	  46.3336411000
4.270	  46.2933922000
4.280	  46.2653999000
4.290	  46.2152290000
4.300	  46.1397285000
4.310	  46.0625038000
4.320	  45.9897423000
4.330	  45.9798126000
4.340	  45.9634781000
4.350	  45.9416733000
4.360	  45.7915916000
4.370	  45.7240448000
4.380	  45.7109718000
4.390	  45.6779213000
4.400	  45.6060371000
4.410	  45.5702858000
4.420	  45.4030495000
4.430	  45.3723831000
4.440	  45.3276787000
4.450	  45.2911720000
4.460	  45.2063103000
4.470	  45.1253471000
4.480	  45.0257874000
4.490	  45.0134087000
4.500	  44.9805145000
4.510	  44.9618835000
4.520	  44.8051376000
4.530	  44.7368393000
4.540	  44.6516342000
4.550	  44.6264687000
4.560	  44.5794983000
4.570	  44.5881081000
4.580	  44.4020500000
4.590	  44.3090248000
4.600	  44.2811584000
4.610	  44.2121964000
4.620	  44.1208344000
4.630	  44.1139526000
4.640	  43.9818077000
4.650	  43.7731934000
4.660	  43.6910706000
4.670	  43.5392570000
4.680	  43.4561920000
4.690	  42.4500732000
4.700	  41.0050812000
4.710	  40.6938286000
4.720	  40.3168144000
4.730	  39.7829971000
4.740	  39.3891449000
4.750	  38.8880653000
4.760	  38.5671959000
4.770	  37.9486160000
4.780	  37.5693130000
4.790	  37.1819000000
4.800	  36.7263451000
4.810	  36.5467300000
4.820	  36.3534813000
4.830	  35.7609749000
4.840	  35.5595894000
4.850	  35.2540512000
4.860	  34.5206375000
4.870	  27.0395927000
4.880	  27.0329952000
4.890	  26.6226196000
4.900	  18.6717892000
4.910	  18.5938721000
4.920	  18.6541939000
4.930	  18.4394531000
4.940	  18.0080585000
4.950	  18.0887699000
4.960	  18.0070839000
4.970	   8.9486875500
4.980	   8.9973220800
4.990	   0.0000000000
5.000	   0.0000000000
5.010	   0.0000000000
5.020	   0.0000000000
5.030	   0.0000000000
5.040	   0.0000000000
5.050	   0.0000000000
5.060	   0.0000000000
5.070	   0.0000000000
5.080	   0.0000000000
5.090	   0.0000000000
5.100	   0.0000000000
5.110	   0.0000000000
5.120	   0.0000000000
5.130	   0.0000000000
5.140	   0.0000000000
5.150	   0.0000000000
