ProbeR	  Phi_acc
0.0000	  71.4070358000
0.0100	  71.1445007000
0.0200	  70.8305817000
0.0300	  70.5452118000
0.0400	  70.2573929000
0.0500	  69.9830399000
0.0600	  69.6996536000
0.0700	  69.3981934000
0.0800	  69.1115646000
0.0900	  68.8020706000
0.1000	  69.8114243000
0.1100	  69.5978851000
0.1200	  69.4436035000
0.1300	  69.2713089000
0.1400	  69.0347366000
0.1500	  69.4739685000
0.1600	  69.1087265000
0.1700	  68.9226608000
0.1800	  70.3150635000
0.1900	  69.9603958000
0.2000	  70.2051163000
0.2100	  70.1148605000
0.2200	  69.8891907000
0.2300	  70.3018188000
0.2400	  70.0114822000
0.2500	  70.0563278000
0.2600	  69.7355957000
0.2700	  70.5068970000
0.2800	  70.2715912000
0.2900	  70.1700058000
0.3000	  70.5511246000
0.3100	  70.3029099000
0.3200	  70.3136826000
0.3300	  70.0218811000
0.3400	  70.1566544000
0.3500	  70.2803802000
0.3600	  70.0354156000
0.3700	  70.3601761000
0.3800	  70.1431122000
0.3900	  70.3158569000
0.4000	  70.2377014000
0.4100	  69.9483719000
0.4200	  70.2057953000
0.4300	  70.1725235000
0.4400	  70.3264999000
0.4500	  70.1669159000
0.4600	  70.2859573000
0.4700	  70.2441025000
0.4800	  70.2286453000
0.4900	  70.0968628000
0.5000	  70.2485809000
0.5100	  70.1669159000
0.5200	  70.3064880000
0.5300	  70.2445679000
0.5400	  70.0748596000
0.5500	  69.8354721000
0.5600	  70.1091385000
0.5700	  69.8670807000
0.5800	  70.0193100000
0.5900	  69.8973083000
0.6000	  70.0367355000
0.6100	  70.1357574000
0.6200	  69.9895859000
0.6300	  69.9269409000
0.6400	  69.7363586000
0.6500	  69.8382416000
0.6600	  69.9038162000
0.6700	  69.7797928000
0.6800	  69.8256683000
0.6900	  69.8606644000
0.7000	  70.0146942000
0.7100	  69.7936554000
0.7200	  69.6309280000
0.7300	  69.8111496000
0.7400	  69.5991058000
0.7500	  69.6625519000
0.7600	  69.7138062000
0.7700	  69.8166504000
0.7800	  69.6414948000
0.7900	  69.6293259000
0.8000	  69.6721878000
0.8100	  69.4970779000
0.8200	  69.7701569000
0.8300	  69.5889740000
0.8400	  69.5855484000
0.8500	  69.5309906000
0.8600	  69.6571503000
0.8700	  69.5967560000
0.8800	  69.5671387000
0.8900	  69.5453949000
0.9000	  69.5702133000
0.9100	  69.4510651000
0.9200	  69.4676971000
0.9300	  69.4808273000
0.9400	  69.4341736000
0.9500	  69.4850769000
0.9600	  69.4806061000
0.9700	  69.4225998000
0.9800	  69.2621231000
0.9900	  69.4611206000
1.0000	  69.4563522000
1.0100	  69.3962708000
1.0200	  69.4320908000
1.0300	  69.3954468000
1.0400	  69.3575592000
1.0500	  69.2869415000
1.0600	  69.2340622000
1.0700	  69.1900330000
1.0800	  69.2283401000
1.0900	  69.2681732000
1.1000	  69.2976456000
1.1100	  69.3371048000
1.1200	  69.2723312000
1.1300	  69.2126923000
1.1400	  69.2010345000
1.1500	  69.1596985000
1.1600	  69.1452332000
1.1700	  69.1151428000
1.1800	  69.2320251000
1.1900	  69.1335907000
1.2000	  69.1309509000
1.2100	  69.0391159000
1.2200	  69.0694885000
1.2300	  69.0681992000
1.2500	  68.9937897000
1.2600	  69.0139771000
1.2800	  69.0645599000
1.2900	  68.9449158000
1.3000	  69.0280075000
1.3100	  68.9719772000
1.3200	  68.9007339000
1.3300	  68.8191452000
1.3400	  68.8944092000
1.3500	  68.8610916000
1.3600	  68.8894196000
1.3700	  68.9269943000
1.3800	  68.8089981000
1.3900	  68.8136444000
1.4000	  68.8681030000
1.4100	  68.7011948000
1.4200	  68.7042084000
1.4300	  68.6537476000
1.4400	  68.7410202000
1.4500	  68.5116043000
1.4600	  68.6192017000
1.4700	  68.5088043000
1.4800	  68.4842224000
1.4900	  68.3528748000
1.5000	  68.4401169000
1.5100	  68.4154968000
1.5200	  68.3470001000
1.5300	  68.1893082000
1.5400	  68.3145218000
1.5500	  68.0766296000
1.5600	  68.2539291000
1.5700	  68.1660461000
1.5800	  67.9933929000
1.5900	  67.9526138000
1.6000	  68.0121689000
1.6100	  68.0552750000
1.6200	  67.9150696000
1.6300	  67.8037109000
1.6400	  67.8637390000
1.6500	  67.7406769000
1.6600	  67.7877808000
1.6700	  67.8608093000
1.6800	  67.7473907000
1.6900	  67.6791382000
1.7000	  67.5249634000
1.7100	  67.4005432000
1.7200	  67.4401245000
1.7300	  67.4906464000
1.7400	  67.4351196000
1.7500	  67.3711243000
1.7600	  67.3793640000
1.7700	  67.2373199000
1.7800	  67.1357193000
1.7900	  67.0321732000
1.8000	  67.1048279000
1.8100	  67.1386108000
1.8200	  67.0552826000
1.8300	  67.1004791000
1.8400	  66.8834991000
1.8500	  66.9059372000
1.8600	  66.7956619000
1.8700	  66.7397995000
1.8800	  66.7681656000
1.8900	  66.8588409000
1.9000	  66.7023315000
1.9100	  66.7715225000
1.9200	  66.6040268000
1.9300	  66.5439453000
1.9400	  66.4566422000
1.9500	  66.4240494000
1.9600	  66.1711121000
1.9700	  66.1795273000
1.9800	  66.1059570000
1.9900	  66.1264343000
2.0000	  66.0198898000
2.0100	  65.9572372000
2.0200	  65.7355042000
2.0300	  65.7762527000
2.0400	  65.6969223000
2.0500	  65.5418396000
2.0600	  65.6770401000
2.0700	  65.5642776000
2.0800	  65.5364304000
2.0900	  65.6466446000
2.1000	  65.4927979000
2.1100	  65.3798447000
2.1200	  65.1577377000
2.1300	  65.2257614000
2.1400	  65.0890884000
2.1500	  65.0255737000
2.1600	  65.0811920000
2.1700	  65.0998383000
2.1800	  65.1623154000
2.1900	  65.0319595000
2.2000	  64.8400650000
2.2100	  64.7708664000
2.2200	  64.7856445000
2.2300	  64.7777176000
2.2400	  64.5308151000
2.2500	  64.4537048000
2.2600	  64.6319199000
2.2700	  64.5200882000
2.2800	  64.5905457000
2.2900	  64.5776215000
2.3000	  64.3694611000
2.3100	  64.2834396000
2.3200	  64.3295670000
2.3400	  64.1051941000
2.3500	  63.9254684000
2.3600	  63.9825821000
2.3700	  63.9962540000
2.3800	  64.0266724000
2.3900	  63.9897957000
2.4000	  63.8858147000
2.4100	  63.6997757000
2.4200	  63.6997757000
2.4300	  63.5299873000
2.4400	  63.7072678000
2.4500	  63.5403633000
2.4600	  63.6859169000
2.4700	  63.3974724000
2.4800	  63.4023666000
2.4900	  63.3146286000
2.5000	  63.2954788000
2.5100	  63.2042885000
2.5200	  63.1860428000
2.5300	  63.2234344000
2.5400	  63.1885948000
2.5500	  63.0521660000
2.5600	  62.9379463000
2.5700	  62.9246216000
2.5800	  62.9554291000
2.5900	  62.9511642000
2.6000	  62.9700661000
2.6100	  62.5713577000
2.6200	  62.5814323000
2.6300	  62.4551964000
2.6400	  62.5405426000
2.6500	  62.4613647000
2.6600	  62.5422058000
2.6700	  62.5742836000
2.6800	  62.3932076000
2.6900	  62.3573074000
2.7000	  62.2709999000
2.7100	  62.3103447000
2.7200	  58.4587936000
2.7300	  58.3529472000
2.7400	  58.3573761000
2.7500	  58.2602310000
2.7600	  58.3076782000
2.7700	  58.1293030000
2.7800	  58.1711044000
2.7900	  58.1172752000
2.8000	  58.0698471000
2.8100	  58.1139221000
2.8200	  58.0631981000
2.8300	  57.9943542000
2.8400	  57.8889084000
2.8500	  57.7708473000
2.8600	  57.7905846000
2.8700	  57.7779350000
2.8800	  57.8472443000
2.8900	  57.8122330000
2.9000	  57.7634392000
2.9100	  57.6608238000
2.9200	  57.6248360000
2.9300	  57.5779037000
2.9400	  57.5592499000
2.9500	  57.4956474000
2.9600	  57.6202316000
2.9700	  57.5869141000
2.9800	  57.4871140000
2.9900	  57.3454323000
3.0000	  57.3580666000
3.0100	  57.2604408000
3.0200	  57.2543221000
3.0300	  57.3097649000
3.0400	  57.1951752000
3.0500	  57.2147560000
3.0600	  57.1189003000
3.0700	  57.2128716000
3.0800	  57.1199875000
3.0900	  57.1069641000
3.1000	  57.0101814000
3.1100	  56.9604797000
3.1200	  57.0377808000
3.1300	  57.0519524000
3.1400	  56.9461212000
3.1500	  56.9169807000
3.1600	  56.9418793000
3.1700	  56.9023323000
3.1800	  56.6688194000
3.1900	  56.6604614000
3.2000	  56.6415977000
3.2100	  56.7158165000
3.2200	  56.7873306000
3.2300	  56.6595917000
3.2400	  56.7087288000
3.2500	  56.5288658000
3.2600	  56.4931526000
3.2700	  56.5706367000
3.2800	  56.4540215000
3.2900	  56.4873390000
3.3000	  56.5506821000
3.3100	  56.5129204000
3.3200	  56.5197296000
3.3300	  56.1989899000
3.3400	  56.1032791000
3.3500	  55.9230690000
3.3600	  56.0201340000
3.3700	  56.0465202000
3.3800	  56.0409241000
3.3900	  56.0697365000
3.4000	  55.8191071000
3.4100	  55.7483025000
3.4200	  55.7762260000
3.4300	  55.6910210000
3.4400	  55.6541557000
3.4500	  55.7171898000
3.4600	  55.7501068000
3.4700	  55.5158806000
3.4800	  55.5607605000
3.4900	  55.4725227000
3.5000	  55.3854523000
3.5100	  55.2206764000
3.5200	  55.4251556000
3.5300	  55.3785973000
3.5400	  55.3120193000
3.5500	  55.0829277000
3.5600	  55.1760750000
3.5700	  55.0896416000
3.5800	  55.1323280000
3.5900	  54.9578438000
3.6000	  55.0363083000
3.6100	  55.1523285000
3.6200	  54.7095833000
3.6300	  54.7960205000
3.6400	  54.8802185000
3.6500	  54.8742523000
3.6600	  54.9013863000
3.6700	  54.8249893000
3.6800	  54.6810036000
3.6900	  54.7704086000
3.7000	  54.5243149000
3.7100	  54.5772743000
3.7200	  54.2817879000
3.7300	  54.3481750000
3.7400	  54.4026299000
3.7500	  54.5187340000
3.7600	  54.5862732000
3.7700	  54.4951248000
3.7800	  54.1924286000
3.7900	  54.1076889000
3.8000	  54.0425301000
3.8100	  54.1884537000
3.8200	  54.2669640000
3.8300	  54.1011353000
3.8400	  54.1719017000
3.8500	  54.0799675000
3.8600	  53.7423363000
3.8700	  53.9049034000
3.8800	  53.9787521000
3.8900	  53.6500587000
3.9000	  53.7510567000
3.9100	  53.8386993000
3.9200	  53.5848503000
3.9300	  53.7287216000
3.9400	  53.6428909000
3.9500	  53.3072243000
3.9600	  53.3861809000
3.9700	  53.4979172000
3.9800	  53.4830742000
3.9900	  53.4890900000
4.0000	  53.3065262000
4.0100	  53.4937096000
4.0200	  53.0634384000
4.0300	  53.1957512000
4.0400	  53.3678284000
4.0500	  53.2484779000
4.0600	  53.3823318000
4.0700	  53.2203217000
4.0800	  53.0430870000
4.0900	  52.8465576000
4.1000	  52.7422676000
4.1100	  52.8729630000
4.1200	  52.9511757000
4.1300	  52.9537544000
4.1400	  53.0111008000
4.1500	  52.8555756000
4.1600	  52.4272614000
4.1700	  52.5286026000
4.1800	  52.4543839000
4.1900	  52.5578804000
4.2000	  52.6954117000
4.2100	  52.8432007000
4.2200	  52.9362564000
4.2300	  52.3471222000
4.2400	  52.2587280000
4.2500	  52.2932587000
4.2600	  52.2710381000
4.2700	  52.2123871000
4.2800	  52.2949982000
4.2900	  52.3433037000
4.3000	  52.5240059000
4.3100	  52.1470261000
4.3200	  52.0327072000
4.3300	  51.8981628000
4.3400	  51.9891968000
4.3500	  51.8521957000
4.3600	  51.9230614000
4.3700	  52.0874443000
4.3800	  52.1925278000
4.3900	  52.0003548000
4.4000	  51.8708420000
4.4100	  51.5509605000
4.4200	  51.6983452000
4.4300	  51.7162437000
4.4400	  51.7366638000
4.4500	  51.6133080000
4.4600	  51.7831917000
4.4700	  51.5865440000
4.4800	  51.6426811000
4.4900	  51.4836082000
4.5000	  51.1962357000
4.5100	  51.3690109000
4.5200	  51.3358192000
4.5300	  51.4007149000
4.5400	  51.3234482000
4.5500	  51.3209000000
4.5600	  51.2431374000
4.5700	  51.3695717000
4.5800	  51.2158165000
4.5900	  51.1052322000
4.6000	  50.9409370000
4.6100	  50.9632225000
4.6200	  51.0956268000
4.6300	  51.1316185000
4.6400	  50.7766418000
4.6500	  50.8932877000
4.6600	  50.6363144000
4.6700	  50.7551956000
4.6800	  50.6535645000
4.6900	  50.6229820000
4.7000	  50.5107155000
4.7100	  50.6476936000
4.7200	  50.7162209000
4.7300	  50.4803238000
4.7400	  50.1671181000
4.7500	  50.2697830000
4.7600	  50.1407623000
4.7700	  50.3064270000
4.7800	  50.3240471000
4.7900	  50.2141190000
4.8000	  50.3031616000
4.8100	  50.3675003000
4.8200	  50.4171028000
4.8300	  49.7725182000
4.8400	  49.8487930000
4.8500	  49.7100487000
4.8600	  49.7748528000
4.8700	  49.8053741000
4.8800	  49.9182587000
4.8900	  49.8706741000
4.9000	  49.8960686000
4.9100	  49.9084663000
4.9200	  49.4762878000
4.9300	  49.3814621000
4.9400	  49.2372169000
4.9500	  49.3036995000
4.9600	  49.4507408000
4.9700	  49.5758705000
4.9800	  49.7438011000
4.9900	  49.5124664000
5.0000	  49.5019302000
5.0100	  49.0532494000
5.0200	  49.2254219000
5.0300	  48.7733078000
5.0400	  48.7930756000
5.0500	  48.9105568000
5.0600	  49.0624504000
5.0700	  49.1723518000
5.0800	  49.3715782000
5.0900	  49.1299553000
5.1000	  48.6289062000
5.1100	  48.6065903000
5.1200	  48.6828613000
5.1300	  48.3916664000
5.1400	  48.4211311000
5.1500	  48.6365509000
5.1600	  48.7572212000
5.1700	  48.9424782000
5.1800	  48.9537582000
5.1900	  48.3560944000
5.2000	  48.2891922000
5.2100	  48.3404770000
5.2200	  48.1049461000
5.2300	  47.8755722000
5.2400	  48.0579033000
5.2500	  48.1655045000
5.2600	  48.3798218000
5.2700	  48.3239708000
5.2800	  48.3062096000
5.2900	  47.7159843000
5.3000	  47.8912811000
5.3100	  47.6407852000
5.3200	  47.4502907000
5.3300	  47.5997581000
5.3400	  47.6925812000
5.3500	  47.8642387000
5.3600	  47.7949142000
5.3700	  47.9991150000
5.3800	  47.7895699000
5.3900	  47.3770065000
5.4000	  47.1832466000
5.4100	  46.9667358000
5.4200	  46.8848724000
5.4300	  47.1048279000
5.4400	  46.9945869000
5.4500	  47.1832466000
5.4600	  47.3823204000
5.4700	  47.5806427000
5.4800	  47.0077667000
5.4900	  46.2534370000
5.5000	  46.4378700000
5.5100	  46.6727448000
5.5200	  46.5431404000
5.5300	  46.7481804000
5.5400	  46.6246338000
5.5500	  46.8551292000
5.5600	  47.0787239000
5.5700	  47.2636223000
5.5800	  30.6080971000
5.5900	  30.7128067000
5.6000	  30.8131371000
5.6100	  30.9571953000
5.6200	  30.7612000000
5.6300	  30.5758057000
5.6400	  30.7032051000
5.6500	  30.8062992000
5.6600	  30.9580364000
5.6700	  30.8754234000
5.6800	  30.3784733000
5.6900	  30.5101929000
5.7000	  30.3029156000
5.7100	  30.4308453000
5.7200	  30.5481434000
5.7300	  30.4246902000
5.7400	  30.4831543000
5.7500	  30.6438084000
5.7600	  30.1349869000
5.7700	  29.9743004000
5.7800	  30.0717392000
5.7900	  29.8737850000
5.8000	  29.9889679000
5.8100	  29.8637161000
5.8200	  29.9941597000
5.8300	  30.0818081000
5.8400	  30.2083378000
5.8500	  29.6952248000
5.8600	  29.6408653000
5.8700	  29.7812881000
5.8800	  29.5513840000
5.8900	  29.6818295000
5.9000	  29.8062153000
5.9100	  29.6760178000
5.9200	  29.7714062000
5.9300	  29.2418804000
5.9400	  29.3640289000
5.9500	  29.4929829000
5.9600	  29.3371773000
5.9700	  29.1263542000
5.9800	  29.2687359000
5.9900	  29.3851643000
6.0000	  29.2273827000
6.0100	  29.3497620000
6.0200	  28.8099384000
6.0300	  28.9289627000
6.0400	  29.0442085000
6.0500	  29.0106888000
6.0600	  28.8040161000
6.0700	  28.9348373000
6.0800	  29.0556793000
6.0900	  29.1737232000
6.1000	  29.0293369000
6.1100	  28.4878311000
6.1200	  28.5958519000
6.1300	  28.7227097000
6.1400	  28.8469410000
6.1500	  28.3617706000
6.1600	  28.4963169000
6.1700	  28.6167564000
6.1800	  28.7486305000
6.1900	  28.8637848000
6.2000	  28.6990738000
6.2100	  28.1329536000
6.2200	  28.2484798000
6.2300	  28.3952885000
6.2400	  28.3777599000
6.2500	  28.1658688000
6.2600	  28.2792511000
6.2700	  28.4273186000
6.2800	  28.5417881000
6.2900	  28.6552010000
6.3000	  27.8204060000
6.3100	  27.9391022000
6.3200	  28.0695477000
6.3300	  28.2061481000
6.3400	  27.7068825000
6.3500	  27.8128529000
6.3600	  27.9526672000
6.3700	  28.0786400000
6.3800	  28.1951466000
6.3900	  28.0302944000
6.4000	  27.4231949000
6.4100	  27.5484657000
6.4200	  27.6799831000
6.4300	  27.7849731000
6.4400	  27.5149441000
6.4500	  27.6275806000
6.4600	  27.7582130000
6.4700	  27.8936005000
6.4800	  28.0047455000
6.4900	  25.9472160000
6.5000	  26.0617638000
6.5100	  26.1758919000
6.5200	  26.2965469000
6.5300	  26.4084854000
6.5400	  26.0133705000
6.5500	  26.1105766000
6.5600	  26.2471771000
6.5700	  26.3554306000
6.5800	  26.4763031000
6.5900	   1.2190482600
6.6000	   1.2245495300
6.6100	   1.2293981300
6.6200	   1.2347284600
6.6300	   1.2407892900
6.6400	   1.2466168400
6.6500	   1.2517918300
6.6600	   1.2584586100
6.6700	   1.2631673800
6.6800	   1.2682490300
6.6900	   0.0000000000
6.7000	   0.0000000000
6.7100	   0.0000000000
6.7200	   0.0000000000
6.7300	   0.0000000000
6.7400	   0.0000000000
6.7500	   0.0000000000
6.7600	   0.0000000000
6.7700	   0.0000000000
6.7800	   0.0000000000
6.7900	   0.0000000000
6.8000	   0.0000000000
6.8100	   0.0000000000
6.8200	   0.0000000000
6.8300	   0.0000000000
6.8400	   0.0000000000
6.8500	   0.0000000000
6.8600	   0.0000000000
6.8700	   0.0000000000
6.8800	   0.0000000000
6.8900	   0.0000000000
6.9000	   0.0000000000
6.9100	   0.0000000000
6.9200	   0.0000000000
6.9300	   0.0000000000
6.9400	   0.0000000000
6.9500	   0.0000000000
6.9600	   0.0000000000
6.9700	   0.0000000000
6.9800	   0.0000000000
6.9900	   0.0000000000
