ProbeR	  Phi_acc
0.000	  87.7600174000
0.010	  87.6223450000
0.020	  87.4849930000
0.030	  87.3476181000
0.040	  87.2068405000
0.050	  87.0699387000
0.060	  86.9302597000
0.070	  86.7912750000
0.080	  86.6517792000
0.090	  86.5150070000
0.100	  86.5079956000
0.110	  86.6423035000
0.120	  86.5171967000
0.130	  86.4136581000
0.140	  86.3042450000
0.150	  86.8929901000
0.160	  86.7981873000
0.170	  86.6894760000
0.180	  86.9319992000
0.190	  86.8238754000
0.200	  86.7856140000
0.210	  86.8454895000
0.220	  86.7336960000
0.230	  87.2694016000
0.240	  87.1374283000
0.250	  87.3399582000
0.260	  87.2120361000
0.270	  87.0827179000
0.280	  86.9532394000
0.290	  87.0989532000
0.300	  87.1588287000
0.310	  87.2484818000
0.320	  87.3246765000
0.330	  87.1941910000
0.340	  87.2478561000
0.350	  87.2039719000
0.360	  87.0697174000
0.370	  87.2008514000
0.380	  87.3151245000
0.390	  87.1817932000
0.400	  87.0762253000
0.410	  87.0061951000
0.420	  87.2447052000
0.430	  87.2754974000
0.440	  87.2563324000
0.450	  87.2490234000
0.460	  87.2997284000
0.470	  87.2534103000
0.480	  87.1214752000
0.490	  87.0406265000
0.500	  87.1342392000
0.510	  87.2089920000
0.520	  87.2424545000
0.530	  87.1459732000
0.540	  87.2745285000
0.550	  87.2342377000
0.560	  87.1017914000
0.570	  87.0450287000
0.580	  87.1175079000
0.590	  87.1189499000
0.600	  87.1330719000
0.610	  87.1243820000
0.620	  87.1718445000
0.630	  87.0390015000
0.640	  87.0419846000
0.650	  87.1659546000
0.660	  87.0904465000
0.670	  87.0400772000
0.680	  87.1202927000
0.690	  86.9878540000
0.700	  86.9544983000
0.710	  87.1144257000
0.720	  87.0491409000
0.730	  87.0884857000
0.740	  87.0894089000
0.750	  87.0519791000
0.760	  87.0066605000
0.770	  87.0483475000
0.780	  86.9206161000
0.790	  87.0422211000
0.800	  86.9254150000
0.810	  86.9990311000
0.820	  87.0066757000
0.830	  86.9852448000
0.840	  86.9892731000
0.850	  86.9169769000
0.860	  86.9334564000
0.870	  86.9658585000
0.880	  86.9737320000
0.890	  86.8937683000
0.900	  86.8781357000
0.910	  86.9169998000
0.920	  86.9070129000
0.930	  86.9530029000
0.940	  86.8553009000
0.950	  86.9586792000
0.960	  86.8910980000
0.970	  86.8628464000
0.980	  86.7988663000
0.990	  86.8290329000
1.000	  86.8612289000
1.010	  86.9018173000
1.020	  86.8257675000
1.030	  86.8477173000
1.040	  86.8338013000
1.050	  86.8629608000
1.060	  86.7624130000
1.070	  86.8221588000
1.080	  86.7999496000
1.090	  86.7842407000
1.100	  86.7267227000
1.110	  86.7853470000
1.120	  86.7684860000
1.130	  86.7574310000
1.140	  86.7774506000
1.150	  86.7532349000
1.160	  86.7745819000
1.170	  86.7188263000
1.180	  86.7236786000
1.190	  86.7002640000
1.200	  86.6372147000
1.210	  86.7113419000
1.220	  86.6760254000
1.230	  86.6901093000
1.240	  86.7159271000
1.250	  86.6734238000
1.260	  86.6544876000
1.270	  86.6009140000
1.280	  86.6219101000
1.290	  86.6267242000
1.300	  86.5637817000
1.310	  86.6105499000
1.320	  86.6152267000
1.330	  86.5364761000
1.340	  86.5684891000
1.350	  86.5576019000
1.360	  86.5130997000
1.370	  86.5282745000
1.380	  86.5050125000
1.390	  86.4090118000
1.400	  86.4871826000
1.410	  86.4787903000
1.420	  86.4392776000
1.430	  86.4114304000
1.440	  86.4379196000
1.450	  86.4343033000
1.460	  86.4046783000
1.470	  86.3545685000
1.480	  86.3618698000
1.490	  86.3564682000
1.500	  86.3158798000
1.510	  86.3334122000
1.520	  86.3499603000
1.530	  86.3246231000
1.540	  86.3172379000
1.550	  86.2430878000
1.560	  86.2671432000
1.570	  86.2639313000
1.580	  86.2517395000
1.590	  86.2265930000
1.600	  86.1830750000
1.610	  86.2059937000
1.620	  86.2191162000
1.630	  86.1724548000
1.640	  86.1796799000
1.650	  86.1657181000
1.660	  86.1624069000
1.670	  86.1239853000
1.680	  86.1165314000
1.690	  86.0922852000
1.700	  86.0571594000
1.710	  86.0938339000
1.720	  86.0672989000
1.730	  86.0583115000
1.740	  86.0513840000
1.750	  86.0329895000
1.760	  86.0033722000
1.770	  85.9666290000
1.780	  85.9896851000
1.790	  85.9291000000
1.800	  85.9242706000
1.810	  85.9456329000
1.820	  85.9245224000
1.830	  85.9000473000
1.840	  85.8599396000
1.850	  85.8749771000
1.860	  85.8543015000
1.870	  85.8261032000
1.880	  85.8022003000
1.890	  85.7626953000
1.900	  85.7068863000
1.910	  85.7452545000
1.920	  85.6987991000
1.930	  85.7097778000
1.940	  85.6947327000
1.950	  85.6667938000
1.960	  85.6201782000
1.970	  85.6169968000
1.980	  85.5987167000
1.990	  85.5390167000
2.000	  85.5213547000
2.010	  85.4508209000
2.020	  85.4197540000
2.030	  85.3988953000
2.040	  85.3757477000
2.050	  85.2801208000
2.060	  85.2371140000
2.070	  85.2525558000
2.080	  85.1919785000
2.090	  85.1794052000
2.100	  85.1628723000
2.110	  85.1376953000
2.120	  85.1215820000
2.130	  85.1166840000
2.140	  85.0829849000
2.150	  85.0755005000
2.160	  85.0228043000
2.170	  85.0253906000
2.180	  84.9728012000
2.190	  84.9313049000
2.200	  84.9282455000
2.210	  84.9209290000
2.220	  84.9058533000
2.230	  84.8637314000
2.240	  84.7191620000
2.250	  84.6870193000
2.260	  84.6931915000
2.270	  84.6496201000
2.280	  84.5950623000
2.290	  84.5911331000
2.300	  84.5568466000
2.310	  84.5479813000
2.320	  84.5214920000
2.330	  84.4921188000
2.340	  84.4884262000
2.350	  84.4536743000
2.360	  84.4180374000
2.370	  84.3802185000
2.380	  84.3668976000
2.390	  84.3566437000
2.400	  84.2997894000
2.410	  84.2912827000
2.420	  84.2902985000
2.430	  84.2558899000
2.440	  84.2633820000
2.450	  84.1829147000
2.460	  84.1852341000
2.470	  84.1328659000
2.480	  84.1398087000
2.490	  84.0941772000
2.500	  84.0882034000
2.510	  84.0773926000
2.520	  84.0397034000
2.530	  83.9938889000
2.540	  83.9656906000
2.550	  83.9674759000
2.560	  83.9419861000
2.570	  83.8956680000
2.580	  83.8560104000
2.590	  83.8037491000
2.600	  83.7794647000
2.610	  83.7439270000
2.620	  83.7228928000
2.630	  83.7219009000
2.640	  83.6741714000
2.650	  83.6382599000
2.660	  83.6107941000
2.670	  83.5749054000
2.680	  83.5498123000
2.690	  83.5124283000
2.700	  83.4926224000
2.710	  83.4817352000
2.720	  83.4581223000
2.730	  83.4208755000
2.740	  83.4337997000
2.750	  83.3653336000
2.760	  83.3587494000
2.770	  83.3103256000
2.780	  83.2926178000
2.790	  83.2736816000
2.800	  83.2691879000
2.810	  83.2380371000
2.820	  83.2053223000
2.830	  83.1893616000
2.840	  83.1666565000
2.850	  83.1516113000
2.860	  83.1039124000
2.870	  83.1067276000
2.880	  83.0643463000
2.890	  83.0277481000
2.900	  83.0053329000
2.910	  83.0200119000
2.920	  82.9977188000
2.930	  82.9638824000
2.940	  82.9308243000
2.950	  82.9198456000
2.960	  82.8849869000
2.970	  82.8503571000
2.980	  82.8401871000
2.990	  82.8160553000
3.000	  82.8071976000
3.010	  82.7877731000
3.020	  82.7736206000
3.030	  82.7296829000
3.040	  82.7228928000
3.050	  82.6971970000
3.060	  82.6670914000
3.070	  82.6546555000
3.080	  82.6410446000
3.090	  82.6097107000
3.100	  82.5654297000
3.110	  82.5550690000
3.120	  82.5468140000
3.130	  82.5309296000
3.140	  82.5147705000
3.150	  82.5062256000
3.160	  82.4675064000
3.170	  82.4432602000
3.180	  82.4052200000
3.190	  82.3923950000
3.200	  82.3810349000
3.210	  82.3681946000
3.220	  82.3354797000
3.230	  82.3023758000
3.240	  82.3047943000
3.250	  82.2785110000
3.260	  82.2734451000
3.270	  82.2523499000
3.280	  82.2272339000
3.290	  82.1821365000
3.300	  82.1708527000
3.310	  82.1782532000
3.320	  82.1431351000
3.330	  82.1246185000
3.340	  82.1063461000
3.350	  82.0758514000
3.360	  82.0857849000
3.370	  82.0428009000
3.380	  82.0132675000
3.390	  81.9853897000
3.400	  81.9745255000
3.410	  81.9875717000
3.420	  81.9610519000
3.430	  81.9383392000
3.440	  81.9078903000
3.450	  81.8877029000
3.460	  81.8755798000
3.470	  81.8191528000
3.480	  81.8251724000
3.490	  81.8193436000
3.500	  81.8127136000
3.510	  81.7650681000
3.520	  81.7279129000
3.530	  81.7377090000
3.540	  81.7123260000
3.550	  81.6927948000
3.560	  81.6821213000
3.570	  81.6430969000
3.580	  81.6201172000
3.590	  81.5918579000
3.600	  81.5893784000
3.610	  81.5688858000
3.620	  81.5633011000
3.630	  81.5451355000
3.640	  81.5047379000
3.650	  81.5104141000
3.660	  81.4681854000
3.670	  81.4493408000
3.680	  81.4245224000
3.690	  81.3958359000
3.700	  81.4185104000
3.710	  81.3816452000
3.720	  81.3511734000
3.730	  81.3559341000
3.740	  81.3187866000
3.750	  81.3033524000
3.760	  81.2634354000
3.770	  81.2549438000
3.780	  81.2370987000
3.790	  81.1821136000
3.800	  81.1780624000
3.810	  81.1707382000
3.820	  81.1414948000
3.830	  81.1345596000
3.840	  81.1200256000
3.850	  81.1070709000
3.860	  81.0687943000
3.870	  81.0188675000
3.880	  80.9804230000
3.890	  80.9863892000
3.900	  80.9800415000
3.910	  80.9613876000
3.920	  80.9487610000
3.930	  80.9225235000
3.940	  80.9043503000
3.950	  80.8686981000
3.960	  80.8392563000
3.970	  80.8129044000
3.980	  80.7921143000
3.990	  80.7640228000
4.000	  80.7354202000
4.010	  80.7305069000
4.020	  80.7393265000
4.030	  80.7226791000
4.040	  80.6840515000
4.050	  80.6587830000
4.060	  80.6390381000
4.070	  80.6111984000
4.080	  80.5775375000
4.090	  80.5394897000
4.100	  80.5194702000
4.110	  80.5360870000
4.120	  80.5151367000
4.130	  80.5070724000
4.140	  80.4519882000
4.150	  80.4421616000
4.160	  80.4253311000
4.170	  80.4066849000
4.180	  80.3610535000
4.190	  80.3460083000
4.200	  80.3119049000
4.210	  80.3105164000
4.220	  80.3010406000
4.230	  80.3116684000
4.240	  80.2628098000
4.250	  79.5656586000
4.260	  79.5562363000
4.270	  79.4945374000
4.280	  79.4866562000
4.290	  79.4771576000
4.300	  79.4860458000
4.310	  79.4564285000
4.320	  79.4040222000
4.330	  79.3716049000
4.340	  79.3939972000
4.350	  79.3882751000
4.360	  79.3365326000
4.370	  79.2950974000
4.380	  79.2551880000
4.390	  79.2446899000
4.400	  79.2312698000
4.410	  79.1675415000
4.420	  79.1850891000
4.430	  79.1422653000
4.440	  79.0923538000
4.450	  79.0418243000
4.460	  79.0302963000
4.470	  79.0443268000
4.480	  79.0099945000
4.490	  78.9310608000
4.500	  78.9283066000
4.510	  78.9214935000
4.520	  78.9178085000
4.530	  78.8362350000
4.540	  78.8221664000
4.550	  78.8039322000
4.560	  78.7347946000
4.570	  78.7319794000
4.580	  78.7308884000
4.590	  78.6459274000
4.600	  78.6323166000
4.610	  78.6134796000
4.620	  78.5817947000
4.630	  78.5615158000
4.640	  78.5644073000
4.650	  78.4962158000
4.660	  78.4345856000
4.670	  78.4346008000
4.680	  78.4100723000
4.690	  78.4084167000
4.700	  78.3767395000
4.710	  78.3689423000
4.720	  78.3150711000
4.730	  78.2693024000
4.740	  78.2775726000
4.750	  78.2924652000
4.760	  78.2608871000
4.770	  78.1870880000
4.780	  78.1384964000
4.790	  78.1355362000
4.800	  78.1362915000
4.810	  78.1073608000
4.820	  78.0634766000
4.830	  78.0454865000
4.840	  77.9794006000
4.850	  77.9670334000
4.860	  77.9654999000
4.870	  77.9483109000
4.880	  77.8784409000
4.890	  77.8803329000
4.900	  77.8311081000
4.910	  77.8341370000
4.920	  77.8220596000
4.930	  77.8034058000
4.940	  77.7513809000
4.950	  77.6987457000
4.960	  77.6805115000
4.970	  77.6799622000
4.980	  77.7116013000
4.990	  77.6566467000
5.000	  77.6027756000
5.010	  77.5705948000
5.020	  77.5398560000
5.030	  77.5380096000
5.040	  77.5562973000
5.050	  77.5099258000
5.060	  77.4869919000
5.070	  77.4389877000
5.080	  77.4217758000
5.090	  77.4055634000
5.100	  77.3390121000
5.110	  77.3574142000
5.120	  77.3470306000
5.130	  77.3332672000
5.140	  77.2552872000
5.150	  77.2194061000
5.160	  77.2351761000
5.170	  77.2382050000
5.180	  77.2154846000
5.190	  77.1262207000
5.200	  77.0885849000
5.210	  77.0869751000
5.220	  77.0953217000
5.230	  77.0894318000
5.240	  77.0187531000
5.250	  76.9886551000
5.260	  76.9574051000
5.270	  76.9474411000
5.280	  76.9075546000
5.290	  76.8863907000
5.300	  76.8842545000
5.310	  76.8266830000
5.320	  76.8230820000
5.330	  76.7577057000
5.340	  76.7370529000
5.350	  76.7311249000
5.360	  76.7123871000
5.370	  76.7049332000
5.380	  76.6277161000
5.390	  76.5980377000
5.400	  76.6144867000
5.410	  76.5901794000
5.420	  76.5600433000
5.430	  76.5032196000
5.440	  76.4336090000
5.450	  76.4580460000
5.460	  76.4480133000
5.470	  76.4477997000
5.480	  76.4094849000
5.490	  76.3187790000
5.500	  76.3216782000
5.510	  76.3158875000
5.520	  76.2866516000
5.530	  76.2658539000
5.540	  76.1712952000
5.550	  76.1676331000
5.560	  76.1839828000
5.570	  76.1632996000
5.580	  76.1363144000
5.590	  76.0167542000
5.600	  76.0220795000
5.610	  76.0142746000
5.620	  76.0161972000
5.630	  75.9916458000
5.640	  75.9076385000
5.650	  75.8838425000
5.660	  75.8662949000
5.670	  75.8532791000
5.680	  75.7793579000
5.690	  75.7542267000
5.700	  75.7593994000
5.710	  75.6953049000
5.720	  75.6311722000
5.730	  75.5929642000
5.740	  75.5954132000
5.750	  75.6086273000
5.760	  75.6140366000
5.770	  75.4968796000
5.780	  75.4254303000
5.790	  75.4176712000
5.800	  75.4002914000
5.810	  75.3490601000
5.820	  75.3463593000
5.830	  75.2768326000
5.840	  75.2707672000
5.850	  75.2845383000
5.860	  75.1926498000
5.870	  75.1534042000
5.880	  75.1333618000
5.890	  75.1208801000
5.900	  75.0991669000
5.910	  74.9935837000
5.920	  75.0095749000
5.930	  74.9942856000
5.940	  74.9940948000
5.950	  74.9610596000
5.960	  74.8641357000
5.970	  74.8296585000
5.980	  74.7743454000
5.990	  74.6839066000
6.000	  74.6321106000
6.010	  74.5466614000
6.020	  74.5195236000
6.030	  74.5441818000
6.040	  74.4690018000
6.050	  74.4297638000
6.060	  74.3039398000
6.070	  74.2319489000
6.080	  74.1848831000
6.090	  74.1262512000
6.100	  74.1404648000
6.110	  74.0106964000
6.120	  73.9941101000
6.130	  73.9796448000
6.140	  73.9423752000
6.150	  73.8838043000
6.160	  73.8129807000
6.170	  73.7372208000
6.180	  73.3458176000
6.190	  73.2908020000
6.200	  73.2874298000
6.210	  73.2486877000
6.220	  73.1445847000
6.230	  73.0455017000
6.240	  73.0381393000
6.250	  73.0380783000
6.260	  73.0197449000
6.270	  72.8939362000
6.280	  72.8170547000
6.290	  72.6280823000
6.300	  71.3385239000
6.310	  71.2222061000
6.320	  71.1915131000
6.330	  71.1764832000
6.340	  71.1242599000
6.350	  71.0029526000
6.360	  71.0011749000
6.370	  70.9411926000
6.380	  70.8326797000
6.390	  70.7426147000
6.400	  70.6995926000
6.410	  70.7269592000
6.420	  70.6713181000
6.430	  70.7023087000
6.440	  70.5246582000
6.450	  70.4857635000
6.460	  70.4203644000
6.470	  70.3790054000
6.480	  70.3602448000
6.490	  70.2727814000
6.500	  70.1968460000
6.510	  70.2087402000
6.520	  68.7186432000
6.530	  68.7396774000
6.540	  66.1380081000
6.550	  66.1297989000
6.560	  66.0939941000
6.570	  66.0914993000
6.580	  65.9121170000
6.590	  65.8901672000
6.600	  65.8149109000
6.610	  65.8118668000
6.620	  65.7922058000
6.630	  65.6633606000
6.640	  65.6462326000
6.650	  65.5982590000
6.660	  65.5653152000
6.670	  65.4905548000
6.680	  65.4842300000
6.690	  65.3980942000
6.700	  65.2950974000
6.710	  65.2469482000
6.720	  65.2500534000
6.730	  65.1884537000
6.740	  65.1867752000
6.750	  65.0720215000
6.760	  64.9682312000
6.770	  64.9477158000
6.780	  64.9233551000
6.790	  64.8960876000
6.800	  64.7195129000
6.810	  64.6947708000
6.820	  64.7313538000
6.830	  64.6364746000
6.840	  64.5796738000
6.850	  64.4568710000
6.860	  64.4540024000
6.870	  64.4723740000
6.880	  64.4139252000
6.890	  64.3339310000
6.900	  64.2832108000
6.910	  64.2639618000
6.920	  64.2005005000
6.930	  64.0997314000
6.940	  64.1479263000
6.950	  64.0555496000
6.960	  64.0652466000
6.970	  63.8839378000
6.980	  63.8557434000
6.990	  63.8683319000
7.000	  63.8285866000
7.010	  63.7751808000
7.020	  63.6868286000
7.030	  63.5881729000
7.040	  63.5901566000
7.050	  63.5745697000
7.060	  63.4933128000
7.070	  63.5267906000
7.080	  63.4771233000
7.090	  63.3549614000
7.100	  63.3539734000
7.110	  63.2183304000
7.120	  63.2499046000
7.130	  63.1982613000
7.140	  63.1318626000
7.150	  63.0894547000
7.160	  62.9913635000
7.170	  63.0105247000
7.180	  63.0096970000
7.190	  62.9194794000
7.200	  62.8001442000
7.210	  62.7658920000
7.220	  62.7377701000
7.230	  62.7626648000
7.240	  62.7452087000
7.250	  62.6419830000
7.260	  62.5466652000
7.270	  62.5327415000
7.280	  62.4992027000
7.290	  62.4967117000
7.300	  62.4862785000
7.310	  62.4270020000
7.320	  62.3888016000
7.330	  62.2903099000
7.340	  62.2901382000
7.350	  62.2817574000
7.360	  62.1728020000
7.370	  62.1328812000
7.380	  62.1611481000
7.390	  62.1044388000
7.400	  62.0798302000
7.410	  61.9835205000
7.420	  61.9594345000
7.430	  61.9017944000
7.440	  61.8036690000
7.450	  61.8544388000
7.460	  61.7410583000
7.470	  61.7508888000
7.480	  61.7777061000
7.490	  58.2707748000
7.500	  58.2555008000
7.510	  58.2818260000
7.520	  58.1600075000
7.530	  58.1269188000
7.540	  54.6860580000
7.550	  54.6951942000
7.560	  54.6813545000
7.570	  54.5987854000
7.580	  54.4619560000
7.590	  54.5008316000
7.600	  54.4893341000
7.610	  54.5027504000
7.620	  54.5038757000
7.630	  54.4193268000
7.640	  54.3197174000
7.650	  54.3062630000
7.660	  54.3040504000
7.670	  54.2931213000
7.680	  54.1825790000
7.690	  54.2007790000
7.700	  54.1572380000
7.710	  54.1444054000
7.720	  54.1537094000
7.730	  54.0484428000
7.740	  53.9964142000
7.750	  53.9536247000
7.760	  53.9394608000
7.770	  53.9362679000
7.780	  53.9310684000
7.790	  53.8979645000
7.800	  53.8647118000
7.810	  53.8433304000
7.820	  53.8204536000
7.830	  53.7513962000
7.840	  53.6880569000
7.850	  53.6445198000
7.860	  53.6553688000
7.870	  53.6716995000
7.880	  53.5913048000
7.890	  53.5474548000
7.900	  53.4926529000
7.910	  53.4771500000
7.920	  53.4483795000
7.930	  53.4328575000
7.940	  53.4031334000
7.950	  53.3852463000
7.960	  53.3360558000
7.970	  53.2851639000
7.980	  53.2636528000
7.990	  53.2225838000
8.000	  53.2453880000
8.010	  53.2467613000
8.020	  53.1494446000
8.030	  53.1184692000
8.040	  53.1165237000
8.050	  53.0566444000
8.060	  53.0432472000
8.070	  53.0258713000
8.080	  52.9450417000
8.090	  52.9171295000
8.100	  52.8933334000
8.110	  52.9009171000
8.120	  52.9023361000
8.130	  52.8760796000
8.140	  52.7808418000
8.150	  52.7236862000
8.160	  52.7172318000
8.170	  52.7186089000
8.180	  52.7055740000
8.190	  52.7179489000
8.200	  52.6277733000
8.210	  52.5553207000
8.220	  52.4962120000
8.230	  52.5273094000
8.240	  52.5138321000
8.250	  52.5454407000
8.260	  52.3995819000
8.270	  52.3872910000
8.280	  52.3533401000
8.290	  52.2849617000
8.300	  52.2259941000
8.310	  52.1987572000
8.320	  52.1016426000
8.330	  52.1246681000
8.340	  52.1562347000
8.350	  52.0807190000
8.360	  52.1012955000
8.370	  51.9688187000
8.380	  51.9371490000
8.390	  51.8638153000
8.400	  51.8027420000
8.410	  51.8047562000
8.420	  51.7885437000
8.430	  51.7256126000
8.440	  51.6564178000
8.450	  51.6367722000
8.460	  51.6035500000
8.470	  51.6075020000
8.480	  51.5708580000
8.490	  51.4739685000
8.500	  51.4753876000
8.510	  51.3949738000
8.520	  51.2644768000
8.530	  51.1804695000
8.540	  51.0628929000
8.550	  51.0391350000
8.560	  50.9387970000
8.570	  50.9636002000
8.580	  50.8042221000
8.590	  50.8294334000
8.600	  50.6680832000
8.610	  50.6063576000
8.620	  50.6250572000
8.630	  50.4982529000
8.640	  50.5166893000
8.650	  50.4049072000
8.660	  50.3143311000
8.670	  50.3325882000
8.680	  50.1318283000
8.690	  50.1690216000
8.700	  49.8931122000
8.710	  49.7185059000
8.720	  49.6129227000
8.730	  49.4237900000
8.740	  49.3820267000
8.750	  49.2170219000
8.760	  49.2665138000
8.770	  49.0066795000
8.780	  48.9101143000
8.790	  48.6733932000
8.800	  48.5728836000
8.810	  48.3903847000
8.820	  48.2843475000
8.830	  48.1781387000
8.840	  47.8683853000
8.850	  47.8946075000
8.860	  47.2597542000
8.870	  46.9284821000
8.880	  46.2919617000
8.890	  45.5177193000
8.900	  45.1383820000
8.910	  44.7117195000
8.920	  44.2096214000
8.930	  43.5109215000
8.940	  43.3620758000
8.950	  42.5113029000
8.960	  42.6048622000
8.970	  21.1937885000
8.980	  10.4268637000
8.990	   0.0000000000
9.000	   0.0000000000
9.010	   0.0000000000
9.020	   0.0000000000
9.030	   0.0000000000
9.040	   0.0000000000
