ProbeR	  Phi_acc
0.0000	  80.2153931000
0.0100	  79.9860916000
0.0200	  79.7629929000
0.0300	  79.5450897000
0.0400	  79.3101120000
0.0500	  79.0895081000
0.0600	  78.8669662000
0.0700	  78.6343460000
0.0800	  78.4120789000
0.0900	  78.1907654000
0.1000	  78.5771332000
0.1100	  78.3725510000
0.1200	  78.2068558000
0.1300	  77.9913330000
0.1400	  77.8274994000
0.1500	  78.8523712000
0.1600	  78.6552505000
0.1700	  78.4695206000
0.1800	  78.8431549000
0.1900	  78.6195602000
0.2000	  78.9595871000
0.2100	  78.7741852000
0.2200	  78.5237427000
0.2300	  79.3455887000
0.2400	  79.1712189000
0.2500	  79.4787445000
0.2600	  79.3247757000
0.2700	  79.0812836000
0.2800	  78.8563538000
0.2900	  79.0939255000
0.3000	  79.5763016000
0.3100	  79.3326263000
0.3200	  79.4706268000
0.3300	  79.2444763000
0.3400	  79.3179169000
0.3500	  79.2531967000
0.3600	  79.0358429000
0.3700	  79.2621078000
0.3800	  79.4266281000
0.3900	  79.2180023000
0.4000	  79.1340561000
0.4100	  78.9187012000
0.4200	  79.2922897000
0.4300	  79.3751068000
0.4400	  79.3291016000
0.4500	  79.3041077000
0.4600	  79.3965149000
0.4700	  79.3177032000
0.4800	  79.1071167000
0.4900	  79.1703873000
0.5000	  79.2873840000
0.5100	  79.4137802000
0.5200	  79.3409195000
0.5300	  79.1243210000
0.5400	  79.3310394000
0.5500	  79.2703247000
0.5600	  79.0438538000
0.5700	  78.9917755000
0.5800	  79.0832214000
0.5900	  79.0913696000
0.6000	  79.2081680000
0.6100	  79.0894394000
0.6200	  79.1341934000
0.6300	  78.9148331000
0.6400	  79.2538910000
0.6500	  79.1460037000
0.6600	  79.0373535000
0.6700	  79.1778412000
0.6800	  79.0732727000
0.6900	  78.8652420000
0.7000	  79.0102844000
0.7100	  79.0493774000
0.7200	  78.9620743000
0.7300	  79.0225830000
0.7400	  79.0249252000
0.7500	  78.9616547000
0.7600	  78.8871384000
0.7700	  78.9278183000
0.7800	  78.9726639000
0.7900	  78.9578857000
0.8000	  78.8062134000
0.8100	  78.8861237000
0.8200	  78.8960419000
0.8300	  78.9775467000
0.8400	  78.8283081000
0.8500	  78.7922592000
0.8600	  78.9295654000
0.8700	  78.8145447000
0.8800	  78.8117828000
0.8900	  78.7023773000
0.9000	  78.8597183000
0.9100	  78.8138123000
0.9200	  78.6916885000
0.9300	  78.7706375000
0.9400	  78.6175156000
0.9500	  78.8364563000
0.9600	  78.6849289000
0.9700	  78.7222214000
0.9800	  78.5539017000
0.9900	  78.7172470000
1.0000	  78.6903152000
1.0100	  78.7093735000
1.0200	  78.6129532000
1.0300	  78.6586761000
1.0400	  78.6185532000
1.0500	  78.6685562000
1.0600	  78.4452591000
1.0700	  78.5669174000
1.0800	  78.5157089000
1.0900	  78.5141907000
1.1000	  78.5532150000
1.1100	  78.4824829000
1.1200	  78.5192337000
1.1300	  78.4853134000
1.1400	  78.5284195000
1.1500	  78.5047455000
1.1600	  78.4657745000
1.1700	  78.4661865000
1.1800	  78.4385529000
1.1900	  78.3750839000
1.2000	  78.3082275000
1.2100	  78.4334641000
1.2200	  78.4196320000
1.2300	  78.3426895000
1.2400	  78.4049835000
1.2500	  78.2812805000
1.2600	  78.2992401000
1.2700	  78.2739639000
1.2800	  78.2789612000
1.2900	  78.2420731000
1.3000	  78.2530136000
1.3100	  78.2937622000
1.3200	  78.1915436000
1.3300	  78.0474396000
1.3400	  78.1363525000
1.3500	  78.1655045000
1.3600	  78.1858826000
1.3700	  78.0123291000
1.3800	  77.9873276000
1.3900	  77.8672409000
1.4000	  77.9817581000
1.4100	  77.9370880000
1.4200	  78.0101013000
1.4300	  77.9616394000
1.4400	  77.8592758000
1.4500	  77.8501587000
1.4600	  77.7843323000
1.4700	  77.7233505000
1.4800	  77.7795029000
1.4900	  77.8530807000
1.5000	  77.7397385000
1.5100	  77.6529922000
1.5200	  77.6286087000
1.5300	  77.6733017000
1.5400	  77.6456680000
1.5500	  77.4721680000
1.5600	  77.6205978000
1.5700	  77.5399933000
1.5800	  77.5401993000
1.5900	  77.4150467000
1.6000	  77.3713913000
1.6100	  77.3994370000
1.6200	  77.3890762000
1.6300	  77.4419174000
1.6400	  77.4175568000
1.6500	  77.2755508000
1.6600	  77.3134689000
1.6700	  77.2376328000
1.6800	  77.2324524000
1.6900	  77.2065506000
1.7000	  77.1236725000
1.7100	  77.2198105000
1.7200	  77.1508789000
1.7300	  77.1995087000
1.7400	  76.9802780000
1.7500	  77.1000519000
1.7600	  77.0179291000
1.7700	  77.0624771000
1.7800	  76.9335175000
1.7900	  76.9511337000
1.8000	  76.9007874000
1.8100	  76.8765411000
1.8200	  76.8799515000
1.8300	  76.8184814000
1.8400	  76.7652512000
1.8500	  76.8137589000
1.8600	  76.7227478000
1.8700	  76.7626724000
1.8800	  76.7119751000
1.8900	  76.5277939000
1.9000	  76.4669418000
1.9100	  76.5550232000
1.9200	  76.5328140000
1.9300	  76.5518723000
1.9400	  76.5787430000
1.9500	  76.3451691000
1.9600	  76.1943283000
1.9700	  76.2874985000
1.9800	  76.2537231000
1.9900	  76.2721024000
2.0000	  76.2159729000
2.0100	  76.0943375000
2.0200	  76.0623550000
2.0300	  76.0350800000
2.0400	  76.0048904000
2.0500	  75.9564133000
2.0600	  76.0520706000
2.0700	  75.8351669000
2.0800	  75.7472687000
2.0900	  75.7132797000
2.1000	  75.7191544000
2.1100	  75.7533112000
2.1200	  75.7209549000
2.1300	  75.7129364000
2.1400	  75.6465454000
2.1500	  75.5698090000
2.1600	  75.4269028000
2.1700	  75.4283524000
2.1800	  75.3036118000
2.1900	  75.2208328000
2.2000	  75.3856659000
2.2100	  75.3102493000
2.2200	  75.3309631000
2.2300	  75.1639099000
2.2400	  75.1735153000
2.2500	  75.0750656000
2.2600	  75.0418396000
2.2700	  74.9769897000
2.2800	  75.0767975000
2.2900	  75.0015106000
2.3000	  74.9806061000
2.3100	  74.8986893000
2.3200	  74.8066177000
2.3300	  74.6866455000
2.3400	  74.8081360000
2.3500	  74.7070923000
2.3600	  74.7352371000
2.3700	  74.6453400000
2.3800	  74.6597137000
2.3900	  74.5286865000
2.4000	  74.4553299000
2.4100	  74.5914688000
2.4200	  74.4830780000
2.4300	  74.4308853000
2.4400	  74.4390335000
2.4500	  74.3084946000
2.4600	  74.3271408000
2.4700	  74.2741699000
2.4800	  74.2875671000
2.4900	  74.2899628000
2.5000	  74.2656479000
2.5100	  74.2270432000
2.5200	  74.1072693000
2.5300	  74.0857239000
2.5400	  74.0158768000
2.5500	  74.0375137000
2.5600	  74.0522232000
2.5700	  73.9946899000
2.5800	  73.9836426000
2.5900	  73.8645706000
2.6000	  73.9086838000
2.6100	  73.8292007000
2.6200	  73.7987442000
2.6300	  73.8010254000
2.6400	  73.7650375000
2.6500	  73.6903763000
2.6600	  73.6994934000
2.6700	  73.6418915000
2.6800	  73.5616989000
2.6900	  73.5740814000
2.7000	  73.5900421000
2.7100	  73.6127701000
2.7200	  73.5297241000
2.7300	  73.4928360000
2.7400	  73.3755798000
2.7500	  73.4170227000
2.7600	  73.3866348000
2.7700	  73.2986832000
2.7800	  73.3479309000
2.7900	  73.2571793000
2.8000	  73.2408066000
2.8100	  73.2185898000
2.8200	  73.1793594000
2.8300	  73.2321243000
2.8400	  73.0913620000
2.8500	  73.0871506000
2.8600	  73.0441208000
2.8700	  73.0168610000
2.8800	  72.8672562000
2.8900	  72.9184875000
2.9000	  72.9733200000
2.9100	  72.9769897000
2.9200	  72.9307098000
2.9300	  72.8406448000
2.9400	  72.8424606000
2.9500	  72.7215347000
2.9600	  72.7339325000
2.9700	  72.7214966000
2.9800	  72.6986389000
2.9900	  72.6665878000
3.0000	  72.6455917000
3.0100	  72.5612793000
3.0200	  72.5307617000
3.0300	  72.5237122000
3.0400	  72.5675201000
3.0500	  72.5162735000
3.0600	  72.4888077000
3.0700	  72.3359604000
3.0800	  72.3733521000
3.0900	  72.3871613000
3.1000	  72.2792358000
3.1100	  72.3134842000
3.1200	  72.2891998000
3.1300	  72.3079834000
3.1400	  72.2097702000
3.1500	  72.2055817000
3.1600	  72.1407242000
3.1700	  72.0944672000
3.1800	  72.1075974000
3.1900	  72.0519943000
3.2000	  72.0925369000
3.2100	  72.0493011000
3.2200	  71.9124756000
3.2300	  71.9781570000
3.2400	  71.9148254000
3.2500	  71.8907166000
3.2600	  71.8559113000
3.2700	  71.8886414000
3.2800	  71.9153061000
3.2900	  71.7947845000
3.3000	  71.8244171000
3.3100	  71.7358627000
3.3200	  71.6790924000
3.3300	  71.7299957000
3.3400	  71.7641830000
3.3500	  71.7080994000
3.3600	  71.6161041000
3.3700	  71.6451797000
3.3800	  71.5513840000
3.3900	  71.4911575000
3.4000	  71.5437164000
3.4100	  71.5113907000
3.4200	  71.4966812000
3.4300	  71.4899139000
3.4400	  71.4571686000
3.4500	  71.4141464000
3.4600	  71.2327652000
3.4700	  71.3590240000
3.4800	  71.3923874000
3.5100	  71.2905731000
3.5200	  71.2442322000
3.5300	  71.1369019000
3.5400	  71.2113571000
3.5500	  71.1276474000
3.5600	  71.1418991000
3.5700	  71.1430969000
3.5800	  71.0847549000
3.5900	  71.0085678000
3.6000	  70.9890976000
3.6100	  71.0588531000
3.6200	  70.9440155000
3.6300	  70.9765778000
3.6400	  70.9279633000
3.6500	  70.8401794000
3.6600	  70.8455658000
3.6700	  70.8450851000
3.6800	  70.8374176000
3.6900	  70.8207245000
3.7000	  70.7790070000
3.7100	  70.7654724000
3.7200	  70.7436676000
3.7300	  70.7187347000
3.7400	  70.6350937000
3.7500	  70.6859512000
3.7600	  70.5929413000
3.7700	  70.6086884000
3.7800	  70.6005325000
3.7900	  70.4868011000
3.8000	  70.5007553000
3.8100	  70.4708710000
3.8200	  70.5360031000
3.8300	  70.4754562000
3.8400	  70.4887161000
3.8500	  70.4696503000
3.8600	  70.2997589000
3.8700	  70.2962418000
3.8800	  70.3260117000
3.8900	  70.3883743000
3.9000	  70.2420197000
3.9200	  70.1092682000
3.9300	  70.0801392000
3.9400	  70.0573654000
3.9500	  69.8920212000
3.9600	  70.0195160000
3.9700	  69.9731064000
3.9800	  69.9426880000
3.9900	  69.8728256000
4.0000	  69.8243103000
4.0100	  69.8304443000
4.0200	  69.7026978000
4.0300	  69.6795273000
4.0400	  69.7257690000
4.0500	  69.6296921000
4.0600	  69.5929794000
4.0700	  69.5246429000
4.0800	  69.5565796000
4.0900	  69.4282150000
4.1000	  69.5021591000
4.1100	  69.4734573000
4.1200	  69.3863602000
4.1300	  69.4165115000
4.1400	  69.3153610000
4.1500	  69.2053680000
4.1600	  69.2140427000
4.1700	  69.2576523000
4.1800	  69.1273956000
4.1900	  69.1360245000
4.2000	  69.1343689000
4.2100	  69.0015488000
4.2200	  69.0220261000
4.2300	  69.0207520000
4.2400	  68.9310989000
4.2500	  68.9234314000
4.2600	  68.9462814000
4.2700	  68.9250870000
4.2800	  68.7554550000
4.2900	  68.7791138000
4.3000	  68.7926483000
4.3100	  68.7424393000
4.3200	  68.6372757000
4.3300	  68.6452179000
4.3400	  68.6267471000
4.3500	  68.4971390000
4.3600	  68.4964828000
4.3700	  68.4675369000
4.3800	  68.5047302000
4.3900	  68.4138412000
4.4000	  68.3798828000
4.4100	  68.3769455000
4.4200	  68.2927856000
4.4300	  68.2780380000
4.4400	  68.1619720000
4.4500	  68.1387405000
4.4600	  68.1914062000
4.4700	  68.1045685000
4.4800	  68.1709824000
4.4900	  68.0074615000
4.5000	  68.0194550000
4.5100	  67.8926468000
4.5200	  67.8704758000
4.5300	  67.9471817000
4.5400	  67.8899384000
4.5500	  67.7251434000
4.5600	  67.7485962000
4.5700	  67.7867889000
4.5800	  67.6691666000
4.5900	  67.6084061000
4.6000	  67.6123428000
4.6100	  67.6657333000
4.6200	  67.5480804000
4.6300	  67.5808258000
4.6400	  67.4585724000
4.6500	  67.2996674000
4.6600	  67.3359604000
4.6700	  67.3740234000
4.6800	  67.3717957000
4.6900	  67.2970200000
4.7000	  67.2281647000
4.7100	  67.1964951000
4.7200	  67.1405640000
4.7300	  67.1747589000
4.7400	  67.0914917000
4.7500	  67.0748138000
4.7600	  67.0676651000
4.7700	  66.9795303000
4.7800	  66.8988266000
4.7900	  66.8508606000
4.8000	  66.9461441000
4.8100	  66.8085861000
4.8200	  66.8300705000
4.8300	  66.8795929000
4.8400	  66.7826157000
4.8500	  66.7041626000
4.8600	  66.6560516000
4.8700	  66.6753540000
4.8800	  66.6808167000
4.8900	  66.5893707000
4.9000	  66.6391983000
4.9100	  66.5813217000
4.9200	  66.4600677000
4.9300	  66.3856430000
4.9400	  66.4548492000
4.9500	  66.3421707000
4.9600	  66.3177567000
4.9700	  66.3951492000
4.9800	  66.2904358000
4.9900	  66.1755753000
5.0000	  66.1920166000
5.0100	  66.1515732000
5.0200	  66.0850601000
5.0300	  66.0999146000
5.0400	  66.0926590000
5.0500	  65.9734421000
5.0600	  65.9580078000
5.0700	  65.9459534000
5.0800	  65.8984375000
5.0900	  65.8208008000
5.1000	  65.7983170000
5.1100	  65.8614807000
5.1200	  65.7694397000
5.1300	  65.7453690000
5.1400	  65.7468948000
5.1500	  65.6682281000
5.1600	  65.6028595000
5.1700	  65.5906296000
5.1800	  65.5887299000
5.1900	  65.4931030000
5.2000	  65.5517120000
5.2100	  65.5104370000
5.2200	  65.4003448000
5.2300	  65.3091049000
5.2400	  65.3467484000
5.2500	  65.4205475000
5.2600	  65.3526764000
5.2700	  65.2991867000
5.2800	  65.2748718000
5.2900	  65.1369019000
5.3000	  65.0929108000
5.3100	  65.1894836000
5.3200	  65.2027435000
5.3300	  65.0354767000
5.3400	  64.9662704000
5.3500	  64.9456177000
5.3600	  64.8881912000
5.3700	  64.9359970000
5.3800	  64.9103012000
5.3900	  64.9694290000
5.4000	  64.7386932000
5.4100	  64.7651443000
5.4200	  64.6976318000
5.4300	  64.7405548000
5.4400	  64.6578064000
5.4500	  64.7129288000
5.4600	  64.7103043000
5.4700	  64.4350204000
5.4800	  64.5309296000
5.4900	  64.4482880000
5.5000	  64.5173645000
5.5100	  64.3968964000
5.5200	  64.5300293000
5.5300	  64.2702866000
5.5400	  64.2978287000
5.5500	  64.1945267000
5.5600	  64.3252792000
5.5700	  64.2968063000
5.5800	  64.1347504000
5.5900	  64.2521667000
5.6000	  64.0533829000
5.6100	  64.1980896000
5.6200	  63.9431114000
5.6300	  64.0833893000
5.6400	  63.9927673000
5.6500	  63.9889717000
5.6600	  63.8395538000
5.6700	  63.8501892000
5.6800	  63.9325218000
5.6900	  63.8070450000
5.7000	  63.8269005000
5.7100	  63.7870598000
5.7200	  63.6870499000
5.7300	  63.4105682000
5.7400	  63.5908356000
5.7500	  63.5857582000
5.7600	  62.9748688000
5.7700	  63.0368843000
5.7800	  61.3247643000
5.7900	  61.1339760000
5.8000	  54.2146492000
5.8100	  54.3687401000
5.8200	  54.3504715000
5.8300	  54.2692528000
5.8400	  54.3638954000
5.8500	  45.7040939000
5.8600	  45.4198227000
5.8700	  45.4121552000
5.8800	  45.5427322000
5.8900	  45.5245895000
5.9000	  45.2873383000
5.9100	  45.3678894000
5.9200	  44.8735847000
5.9300	  44.5998001000
5.9400	  44.6392365000
5.9500	  44.7299919000
5.9600	  44.6452789000
5.9700	  44.5329399000
5.9800	  44.5849724000
5.9900	  44.6785583000
6.0000	  44.4392128000
6.0100	  44.4462585000
6.0200	  44.5454407000
6.0300	  44.4547195000
6.0400	  44.3514938000
6.0500	  44.3781090000
6.0600	  44.3029404000
6.0700	  44.1945686000
6.0800	  44.2801476000
6.0900	  44.3385086000
6.1100	  44.1091003000
6.1200	  44.2103195000
6.1300	  44.0306931000
6.1400	  44.0335274000
6.1500	  44.0543861000
6.1600	  44.1158562000
6.1700	  43.9127579000
6.1800	  43.9689560000
6.1900	  43.9995575000
6.2000	  44.0775948000
6.2100	  43.7937202000
6.2200	  43.8573303000
6.2300	  43.9686470000
6.2400	  43.7749786000
6.2500	  43.7530479000
6.2600	  43.8185959000
6.2700	  43.8780861000
6.2800	  43.6332741000
6.2900	  43.6833458000
6.3000	  43.7566986000
6.3100	  43.7340813000
6.3200	  43.5510445000
6.3300	  43.6110001000
6.3400	  43.7244072000
6.3500	  43.4026184000
6.3600	  43.4660225000
6.3700	  43.5286331000
6.3800	  43.5378876000
6.3900	  43.3929482000
6.4000	  43.3939857000
6.4100	  43.4552956000
6.4200	  43.2552261000
6.4300	  43.2813301000
6.4400	  43.3438377000
6.4500	  43.4133911000
6.4600	  43.2024879000
6.4700	  43.2336044000
6.4800	  43.2417564000
6.4900	  43.1546593000
6.5000	  43.0900116000
6.5100	  43.1172943000
6.5200	  43.1914024000
6.5300	  43.0730896000
6.5400	  43.0086479000
6.5500	  43.0581703000
6.5600	  43.1146011000
6.5700	  42.9221764000
6.5800	  42.9779816000
6.5900	  42.9848862000
6.6000	  43.0191803000
6.6100	  42.8311081000
6.6200	  42.8792152000
6.6300	  42.9353638000
6.6400	  42.8046875000
6.6500	  42.7377625000
6.6600	  42.7591705000
6.6700	  42.8382530000
6.6800	  42.7271233000
6.6900	  42.6808853000
6.7000	  42.6691055000
6.7100	  42.7043991000
6.7200	  42.5913315000
6.7300	  42.6242104000
6.7400	  42.6564674000
6.7500	  42.5998650000
6.7600	  42.5204010000
6.7700	  42.5020638000
6.7800	  42.5382919000
6.7900	  42.4736404000
6.8000	  42.4315796000
6.8100	  42.3839912000
6.8200	  42.4803391000
6.8300	  42.3746986000
6.8400	  42.3400955000
6.8500	  42.2821808000
6.8600	  42.3626480000
6.8700	  42.3375740000
6.8800	  42.2108345000
6.8900	  42.2693367000
6.9000	  42.3581924000
6.9100	  42.2012329000
6.9200	  42.1055412000
6.9300	  42.2230225000
6.9400	  42.3187180000
6.9500	  42.0539780000
6.9600	  42.0344315000
6.9700	  42.1384506000
6.9800	  42.0998421000
6.9900	  41.9471970000
7.0000	  41.9452324000
7.0100	  42.1002884000
7.0200	  41.9808350000
7.0300	  41.9057121000
7.0400	  41.9484444000
7.0500	  42.0229340000
7.0600	  41.8375206000
7.0700	  41.7635117000
7.0800	  41.8969498000
7.0900	  41.8918419000
7.1000	  41.7623024000
7.1100	  41.6994476000
7.1200	  41.7864075000
7.1300	  41.7330170000
7.1400	  41.5940170000
7.1500	  41.6592178000
7.1600	  41.7298737000
7.1700	  41.7356758000
7.1800	  41.5561562000
7.1900	  41.5422020000
7.2000	  41.6291962000
7.2100	  41.5399361000
7.2200	  41.5323029000
7.2300	  41.5099602000
7.2400	  41.6241302000
7.2500	  41.5366440000
7.2600	  41.2791862000
7.2700	  41.3675041000
7.2800	  41.5065422000
7.2900	  41.4665146000
7.3000	  41.2592392000
7.3100	  41.3374939000
7.3200	  41.4570732000
7.3300	  41.1660652000
7.3400	  41.1224709000
7.3500	  41.2988052000
7.3600	  41.4472351000
7.3700	  41.1253395000
7.3800	  41.0738831000
7.3900	  41.2426605000
7.4000	  41.0825157000
7.4100	  33.2350922000
7.4200	  33.3556862000
7.4300	  33.5164413000
7.4400	  33.6067619000
7.4500	  18.0492554000
7.4600	  18.1203270000
7.4700	  18.1967163000
7.4800	   7.8284306500
7.4900	   7.8552641900
7.5000	   7.8861379600
7.5100	   7.9238495800
7.5200	   0.0000000000
7.5300	   0.0000000000
7.5400	   0.0000000000
7.5500	   0.0000000000
7.5600	   0.0000000000
7.5700	   0.0000000000
7.5800	   0.0000000000
7.5900	   0.0000000000
