ProbeR	  Phi_acc
0.0100	  58.7171783000
0.0200	  58.3691063000
0.0300	  58.0050888000
0.0400	  57.6486244000
0.0500	  57.3053055000
0.0600	  56.9507713000
0.0700	  56.5994339000
0.0800	  57.3832283000
0.0900	  57.1568184000
0.1000	  56.7972298000
0.1100	  56.5319138000
0.1200	  56.8356934000
0.1300	  56.6536369000
0.1400	  57.9533577000
0.1500	  57.7201118000
0.1600	  57.8330574000
0.1700	  57.4638481000
0.1800	  58.2117920000
0.1900	  57.9351883000
0.2000	  57.8060341000
0.2100	  57.4333115000
0.2200	  58.1113205000
0.2300	  57.9544296000
0.2400	  58.4294968000
0.2500	  58.0686646000
0.2600	  58.0246277000
0.2700	  57.9406624000
0.2800	  58.0311546000
0.2900	  58.4349709000
0.3000	  58.0472069000
0.3100	  58.2966728000
0.3200	  58.0909653000
0.3300	  58.1600266000
0.3400	  58.1075211000
0.3500	  58.2649994000
0.3600	  58.1195488000
0.3700	  58.0237694000
0.3800	  57.9394951000
0.3900	  57.9262543000
0.4000	  58.1269073000
0.4100	  57.9537163000
0.4200	  58.0914803000
0.4300	  58.0614090000
0.4400	  57.6703949000
0.4500	  57.8660202000
0.4600	  58.0698128000
0.4700	  57.8988838000
0.4800	  57.9235001000
0.4900	  57.9558563000
0.5000	  57.8198662000
0.5100	  57.6058273000
0.5200	  57.7906303000
0.5300	  57.7958527000
0.5400	  57.8319359000
0.5500	  57.8096581000
0.5600	  57.8268127000
0.5700	  57.7657356000
0.5800	  57.6335678000
0.5900	  57.6460304000
0.6000	  57.5796242000
0.6100	  57.6234055000
0.6200	  57.5902100000
0.6300	  57.5139809000
0.6400	  57.5582733000
0.6500	  57.5160789000
0.6600	  57.5682526000
0.6700	  57.4844704000
0.6800	  57.2914581000
0.6900	  57.4080124000
0.7000	  57.5543594000
0.7100	  57.4209290000
0.7200	  57.3810349000
0.7300	  57.3454933000
0.7400	  57.3457718000
0.7500	  57.2919731000
0.7600	  57.2433472000
0.7700	  57.3680573000
0.7800	  57.0839539000
0.7900	  57.2605019000
0.8000	  57.1643715000
0.8100	  57.2727203000
0.8200	  57.0911293000
0.8300	  57.0743904000
0.8400	  56.8263702000
0.8500	  56.9188652000
0.8600	  56.9721527000
0.8700	  56.9521980000
0.8800	  56.8020325000
0.8900	  56.7902870000
0.9000	  56.8214111000
0.9100	  56.6366501000
0.9200	  56.7834129000
0.9300	  56.5666275000
0.9400	  56.5026627000
0.9500	  56.2893257000
0.9600	  56.1249847000
0.9700	  56.2172775000
0.9800	  56.0660133000
0.9900	  56.2582321000
1.0000	  56.1472244000
1.0100	  55.8071251000
1.0200	  55.7786713000
1.0300	  55.5699959000
1.0400	  55.4659348000
1.0500	  55.5196877000
1.0600	  55.2822456000
1.0700	  55.2932014000
1.0800	  55.1912918000
1.0900	  54.8848801000
1.1000	  54.9320145000
1.1100	  54.8555260000
1.1200	  54.7631187000
1.1300	  54.0832291000
1.1400	  53.9856567000
1.1500	  53.9869118000
1.1600	  53.8532486000
1.1700	  53.7650871000
1.1800	  53.5596733000
1.1900	  53.3493233000
1.2000	  53.3474083000
1.2100	  53.3275948000
1.2200	  53.0826912000
1.2300	  52.9853516000
1.2400	  52.8978424000
1.2500	  52.7275810000
1.2600	  52.7043648000
1.2700	  52.5703621000
1.2800	  52.4318504000
1.2900	  52.2611198000
1.3000	  52.1441040000
1.3100	  52.1661224000
1.3200	  52.1225166000
1.3300	  51.6466064000
1.3400	  51.4731827000
1.3500	  51.2458572000
1.3600	  51.0021667000
1.3700	  51.0678215000
1.3800	  51.0766678000
1.3900	  50.7672424000
1.4000	  50.7713432000
1.4100	  50.5870514000
1.4200	  50.5907364000
1.4300	  50.4840660000
1.4400	  50.4241600000
1.4500	  50.1734810000
1.4600	  50.1030312000
1.4700	  50.1034088000
1.4800	  49.9869461000
1.4900	  50.0200043000
1.5000	  49.8098297000
1.5100	  49.6942139000
1.5200	  49.6493645000
1.5300	  49.6765442000
1.5400	  49.4822273000
1.5500	  49.3997841000
1.5600	  49.1159096000
1.5700	  49.2190018000
1.5800	  49.1222649000
1.5900	  49.1701889000
1.6000	  49.0742455000
1.6100	  48.8896561000
1.6200	  48.8569756000
1.6300	  48.6907730000
1.6400	  48.6698380000
1.6500	  48.7212143000
1.6600	  48.5824699000
1.6700	  48.4133759000
1.6800	  48.4467583000
1.6900	  48.2598991000
1.7000	  48.3142128000
1.7100	  48.1028328000
1.7200	  48.1349068000
1.7300	  48.0586357000
1.7400	  48.0893593000
1.7500	  47.9721069000
1.7600	  47.7583961000
1.7700	  47.6905174000
1.7800	  47.6730804000
1.7900	  47.3064041000
1.8000	  47.3894844000
1.8100	  47.3186684000
1.8200	  47.0574036000
1.8300	  46.9103584000
1.8400	  47.0263023000
1.8500	  46.9765129000
1.8600	  46.6999130000
1.8700	  46.7142220000
1.8800	  46.5328979000
1.8900	  46.4265251000
1.9000	  46.5288582000
1.9100	  46.3232574000
1.9200	  46.1772423000
1.9300	  46.0332108000
1.9400	  46.0221634000
1.9500	  45.9723740000
1.9600	  45.0561447000
1.9700	  45.0552597000
1.9800	  44.9459152000
1.9900	  44.6872177000
2.0000	  44.5512695000
2.0100	  44.3867874000
2.0200	  44.3728027000
2.0300	  43.9976425000
2.0400	  44.0260811000
2.0500	  44.1575546000
2.0600	  43.9196320000
2.0700	  43.5361252000
2.0800	  43.4774323000
2.0900	  43.4254150000
2.1000	  43.4529076000
2.1100	  42.9802628000
2.1200	  43.0070686000
2.1300	  42.9520569000
2.1400	  42.8682327000
2.1500	  42.7233353000
2.1600	  42.9782104000
2.1700	  41.4117889000
2.1800	  41.4670334000
2.1900	  41.2005959000
2.2000	  41.1950455000
2.2100	  41.0028763000
2.2200	  41.1325760000
2.2300	  41.0810127000
2.2400	  40.3317947000
2.2500	  40.0847054000
2.2600	  40.1975288000
2.2700	  39.8670311000
2.2800	  40.0507812000
2.2900	  39.8682404000
2.3000	  39.7583084000
2.3100	  39.6255798000
2.3200	  39.2322388000
2.3300	  39.2877655000
2.3400	  39.1858025000
2.3500	  39.0740051000
2.3600	  38.9960098000
2.3700	  38.9028130000
2.3800	  38.7572136000
2.3900	  38.7486382000
2.4000	  38.5094719000
2.4100	  38.5169296000
2.4200	  38.4084892000
2.4300	  38.3654099000
2.4400	  38.1919365000
2.4500	  38.0072212000
2.4600	  37.8811913000
2.4700	  37.9158287000
2.4800	  38.0011635000
2.4900	  38.0062904000
2.5000	  37.7518311000
2.5100	  37.5499153000
2.5200	  37.4987411000
2.5300	  37.2097359000
2.5400	  37.2862740000
2.5500	  37.2595596000
2.5700	  37.4452515000
2.5800	  37.1711502000
2.5900	  37.1833954000
2.6000	  36.9129944000
2.6100	  36.8375435000
2.6200	  36.5862885000
2.6300	  36.6096458000
2.6400	  36.5720673000
2.6500	  36.4090843000
2.6600	  36.5074081000
2.6700	  36.4964485000
2.6800	  36.5534210000
2.6900	  36.3442345000
2.7000	  36.2700577000
2.7100	  36.2638130000
2.7200	  35.9375572000
2.7300	  35.7829590000
2.7400	  35.7796059000
2.7500	  35.7470169000
2.7600	  35.8455734000
2.7700	  35.8531265000
2.7800	  35.8407211000
2.7900	  35.5703239000
2.8000	  35.6209068000
2.8100	  35.6242638000
2.8200	  35.4483604000
2.8300	  35.2992973000
2.8400	  35.1613617000
2.8500	  35.1441116000
2.8600	  35.1204262000
2.8700	  35.1924896000
2.8800	  35.2360344000
2.8900	  35.0268440000
2.9000	  34.8071327000
2.9100	  34.8016319000
2.9200	  34.8970490000
2.9300	  34.8299484000
2.9400	  34.7762566000
2.9500	  34.6452026000
2.9600	  34.6572495000
2.9700	  34.4939804000
2.9800	  34.4788628000
2.9900	  34.4154091000
3.0000	  34.4479027000
3.0100	  34.2242775000
3.0200	  34.1922951000
3.0300	  34.2630196000
3.0400	  34.2731819000
3.0500	  34.0584450000
3.0600	  33.9714966000
3.0700	  33.9476776000
3.0800	  33.9426880000
3.0900	  34.0133171000
3.1000	  33.8822670000
3.1100	  33.8811455000
3.1200	  33.8321762000
3.1300	  33.5779228000
3.1400	  33.5453377000
3.1500	  33.4721375000
3.1600	  33.5269661000
3.1700	  33.5268745000
3.1800	  33.4886894000
3.1900	  33.4676170000
3.2000	  33.3656578000
3.2100	  33.3887672000
3.2200	  33.3113747000
3.2300	  33.2519646000
3.2400	  33.2131310000
3.2500	  33.2769051000
3.2600	  32.9758453000
3.2700	  33.0063324000
3.2800	  32.9006920000
3.2900	  32.9787178000
3.3000	  32.9599152000
3.3100	  32.8932915000
3.3200	  32.8641090000
3.3300	  32.6932716000
3.3400	  32.7295914000
3.3500	  32.7747688000
3.3600	  32.7556801000
3.3700	  32.6966438000
3.3800	  32.7202492000
3.3900	  32.5236168000
3.4000	  32.2999001000
3.4100	  32.3334198000
3.4200	  32.2718811000
3.4300	  32.2059135000
3.4400	  32.3584061000
3.4500	  32.2950516000
3.4600	  32.4601974000
3.4700	  32.2474022000
3.4800	  32.0945816000
3.4900	  32.1128082000
3.5000	  32.1831627000
3.5100	  32.0644608000
3.5200	  32.2174110000
3.5300	  31.9294014000
3.5400	  31.9095879000
3.5500	  24.0331421000
3.5600	  24.1511383000
3.5700	  23.8705730000
3.5800	  24.0239563000
3.5900	  23.8299675000
3.6000	  23.8848858000
3.6100	  23.9502487000
3.6200	  23.9476376000
3.6300	  23.9925804000
3.6400	  23.7912083000
3.6500	  23.8873577000
3.6600	  23.6389122000
3.6700	  23.6423626000
3.6800	  23.6311264000
3.6900	  23.6205750000
3.7000	  23.6339550000
3.7100	  23.6338921000
3.7200	  23.5869312000
3.7300	  23.5335026000
3.7400	  23.4279995000
3.7500	  23.5705204000
3.7600	  23.5935516000
3.7700	  23.5434628000
3.7800	  23.4286976000
3.7900	  23.3124561000
3.8000	  14.0286427000
3.8100	  13.9778566000
3.8200	  13.9657364000
3.8300	  13.9985580000
3.8400	  13.9930563000
3.8500	  13.8452663000
3.8600	  13.8100224000
3.8700	  13.8363152000
3.8800	  13.8128195000
3.8900	  13.8540316000
3.9000	  13.9338474000
3.9100	  13.9628773000
3.9200	  13.9303656000
3.9300	  13.8734264000
3.9400	  13.8618650000
3.9500	  13.6552391000
3.9600	  13.6556120000
3.9700	  13.7057762000
3.9800	  13.6921625000
3.9900	  13.7154741000
4.0000	  13.6884327000
4.0100	  13.6261482000
4.0200	  13.6759386000
4.0300	  13.6876879000
4.0400	  13.6183157000
4.0500	  13.6174765000
4.0600	  13.7054968000
4.0700	  13.6602745000
4.0800	  13.5560303000
4.0900	  13.6556120000
4.1000	  13.3721561000
4.1100	  13.4754686000
4.1200	  13.5772886000
4.1300	  13.4698734000
4.1400	  13.5616245000
4.1500	  12.9744787000
4.1600	  13.0561590000
4.1700	  13.1572332000
4.1800	  13.2595196000
4.1900	  13.3423195000
4.2000	  13.4564476000
4.2100	  13.5366354000
4.2200	  13.6362181000
4.2300	   0.0000000000
4.2400	   0.0000000000
4.2500	   0.0000000000
4.2600	   0.0000000000
4.2700	   0.0000000000
4.2800	   0.0000000000
4.2900	   0.0000000000
4.3000	   0.0000000000
