ProbeR	  Phi_acc
0.000	  72.3595200000
0.010	  72.0882568000
0.020	  71.8236008000
0.030	  71.5614014000
0.040	  71.3059006000
0.050	  71.0463333000
0.060	  70.7837982000
0.070	  70.5243988000
0.080	  70.2721176000
0.090	  70.0010223000
0.100	  70.8188553000
0.110	  70.6285400000
0.120	  70.4717865000
0.130	  70.3077545000
0.140	  70.1401978000
0.150	  70.4330444000
0.160	  70.2034378000
0.170	  70.0809784000
0.180	  71.2915649000
0.190	  71.0462952000
0.200	  71.3611984000
0.210	  71.1698151000
0.220	  70.9302979000
0.230	  71.4570236000
0.240	  71.2055893000
0.250	  71.1976776000
0.260	  70.9660568000
0.270	  71.6367645000
0.280	  71.4027557000
0.290	  71.3305435000
0.300	  71.7396088000
0.310	  71.4743576000
0.320	  71.5440292000
0.330	  71.3020172000
0.340	  71.3028107000
0.350	  71.4010620000
0.360	  71.8235550000
0.370	  71.5707550000
0.380	  71.3132095000
0.390	  71.5830231000
0.400	  71.4252472000
0.410	  71.1726761000
0.420	  71.3702850000
0.430	  71.3861847000
0.440	  71.5793762000
0.450	  71.4565811000
0.460	  71.4632111000
0.470	  71.4347305000
0.480	  71.4682693000
0.490	  71.3037033000
0.500	  71.5159225000
0.510	  71.4054642000
0.520	  71.5734863000
0.530	  71.4567947000
0.540	  71.3540344000
0.550	  71.0909576000
0.560	  71.3209839000
0.570	  71.1654663000
0.580	  71.3331146000
0.590	  71.2108307000
0.600	  71.3191681000
0.610	  71.4073334000
0.620	  71.1921387000
0.630	  71.0705185000
0.640	  71.2167511000
0.650	  71.1498642000
0.660	  71.2113419000
0.670	  71.2950134000
0.680	  71.0623550000
0.690	  71.0931320000
0.700	  71.1906128000
0.710	  71.0282593000
0.720	  71.1127396000
0.730	  71.0566635000
0.740	  70.9479980000
0.750	  70.9293518000
0.760	  71.0197983000
0.770	  70.9520721000
0.780	  71.0633774000
0.790	  70.7476730000
0.800	  70.8444366000
0.810	  70.6930847000
0.820	  70.9024811000
0.830	  70.8249130000
0.840	  70.6704407000
0.850	  70.5494308000
0.860	  70.6887512000
0.870	  70.7386856000
0.880	  70.5814209000
0.890	  70.4652863000
0.900	  70.5277710000
0.910	  70.5331573000
0.920	  70.5144196000
0.930	  70.3204727000
0.940	  70.3027344000
0.950	  70.2375031000
0.960	  70.2176590000
0.970	  70.1226273000
0.980	  69.9335785000
0.990	  70.0920792000
1.000	  70.0490570000
1.010	  69.9079590000
1.020	  69.8872299000
1.030	  69.8400955000
1.040	  69.7705841000
1.050	  69.6053543000
1.060	  69.5325394000
1.070	  69.5404358000
1.080	  69.6711349000
1.090	  69.5487289000
1.100	  69.3980026000
1.110	  69.3721924000
1.120	  69.3655777000
1.130	  69.2466354000
1.140	  69.1533356000
1.150	  69.1050797000
1.160	  69.2479630000
1.170	  69.1890869000
1.180	  69.0616302000
1.190	  68.8986588000
1.200	  68.8254166000
1.210	  68.9739380000
1.220	  68.8496857000
1.230	  68.7514572000
1.240	  68.8528442000
1.250	  68.6275177000
1.260	  68.5994644000
1.270	  68.4813766000
1.280	  68.5402908000
1.290	  68.5802612000
1.300	  68.4175720000
1.310	  68.4180908000
1.320	  68.1193924000
1.330	  68.2044144000
1.340	  68.2061462000
1.350	  68.1410522000
1.360	  68.0154572000
1.370	  68.0951385000
1.380	  67.9008484000
1.390	  67.9185181000
1.400	  67.8378220000
1.410	  67.8492661000
1.420	  67.7718735000
1.430	  67.7534790000
1.440	  67.6453476000
1.450	  67.6511078000
1.460	  67.6114349000
1.470	  67.5666428000
1.480	  67.3990021000
1.490	  67.2364960000
1.500	  67.3847580000
1.510	  67.3411942000
1.520	  67.3691635000
1.530	  67.3160553000
1.540	  67.1896667000
1.550	  67.1747437000
1.560	  67.1260834000
1.570	  67.1254883000
1.580	  67.0622101000
1.590	  67.0743256000
1.600	  67.0401306000
1.610	  66.8986893000
1.620	  66.7940598000
1.630	  66.7640381000
1.640	  66.7928925000
1.650	  66.8543091000
1.660	  66.7216034000
1.670	  66.7281723000
1.680	  66.7103653000
1.690	  66.5205231000
1.700	  66.5590363000
1.710	  66.6002350000
1.720	  66.6561966000
1.730	  66.4196396000
1.740	  66.3897247000
1.750	  66.4338837000
1.760	  66.3547134000
1.770	  66.3258286000
1.780	  66.2126160000
1.790	  66.1064835000
1.800	  66.2493210000
1.810	  66.1727371000
1.820	  65.9961166000
1.830	  65.9187622000
1.840	  66.0366745000
1.850	  65.8995132000
1.860	  65.8585281000
1.870	  65.8520889000
1.880	  65.7960968000
1.890	  65.6781387000
1.900	  65.6201096000
1.910	  65.5231781000
1.920	  65.5450439000
1.930	  65.5259705000
1.940	  65.3595276000
1.950	  65.2458725000
1.960	  65.2656860000
1.970	  65.2340240000
1.980	  65.1883316000
1.990	  65.1033478000
2.000	  65.0408707000
2.010	  65.0212326000
2.020	  65.0214844000
2.030	  64.9162445000
2.040	  64.7938766000
2.050	  64.7662430000
2.060	  64.6619720000
2.070	  64.6749420000
2.080	  64.6845245000
2.090	  64.6391678000
2.100	  64.4990234000
2.110	  64.5397568000
2.120	  64.3821411000
2.130	  64.2882080000
2.140	  64.2196274000
2.150	  64.2728119000
2.160	  64.1401062000
2.170	  64.0707703000
2.180	  64.1564941000
2.190	  63.9419441000
2.200	  63.8301430000
2.210	  63.8400612000
2.220	  63.8186150000
2.230	  63.6386032000
2.240	  63.5924034000
2.250	  63.5748367000
2.260	  63.5144005000
2.270	  63.5704346000
2.280	  63.4182281000
2.290	  63.1935425000
2.300	  63.0977516000
2.310	  63.0821953000
2.320	  63.1229286000
2.330	  62.8677483000
2.340	  62.7029953000
2.350	  62.6787949000
2.360	  62.5910568000
2.370	  62.6375275000
2.380	  62.5280037000
2.390	  62.4810829000
2.400	  62.4438210000
2.410	  62.2814293000
2.420	  62.1697006000
2.430	  62.0635567000
2.440	  62.0006981000
2.450	  61.8727188000
2.460	  61.9347343000
2.470	  61.7784576000
2.480	  61.7356911000
2.490	  61.6580658000
2.500	  61.5692558000
2.510	  61.4612579000
2.520	  61.3413506000
2.530	  61.2170753000
2.540	  61.2798042000
2.550	  61.2110558000
2.560	  61.1377296000
2.570	  61.0393944000
2.580	  60.9625931000
2.590	  60.7880058000
2.600	  60.8040276000
2.610	  60.8113174000
2.620	  60.7123489000
2.630	  60.4747353000
2.640	  60.4279404000
2.650	  60.1951180000
2.660	  60.1445503000
2.670	  60.0351410000
2.680	  59.8527451000
2.690	  59.7522316000
2.700	  59.6821251000
2.710	  59.4827003000
2.720	  59.5293274000
2.730	  59.4870262000
2.740	  59.2868271000
2.750	  59.2173500000
2.760	  59.2873154000
2.770	  59.0393600000
2.780	  58.2855339000
2.790	  58.0713196000
2.800	  58.0800552000
2.810	  57.9376755000
2.820	  57.8024673000
2.830	  57.8351097000
2.840	  57.7864876000
2.850	  57.7363892000
2.860	  57.5970230000
2.870	  57.4892807000
2.880	  57.3894196000
2.890	  57.2659988000
2.900	  57.2218170000
2.910	  57.0708809000
2.920	  56.9696655000
2.930	  56.9034996000
2.940	  56.9290276000
2.950	  56.7823753000
2.960	  56.7964096000
2.970	  56.6646271000
2.980	  56.4793892000
2.990	  56.3586349000
3.000	  56.3994102000
3.010	  56.3742332000
3.020	  56.1834984000
3.030	  56.1094513000
3.040	  56.1424255000
3.050	  56.2318573000
3.060	  56.0297890000
3.070	  55.8597031000
3.080	  55.7956581000
3.090	  55.7063942000
3.100	  54.6229057000
3.110	  54.4966621000
3.120	  54.3874817000
3.130	  54.3381462000
3.140	  54.2901649000
3.150	  54.2178574000
3.160	  54.2656670000
3.170	  54.1676712000
3.180	  53.8246040000
3.190	  53.8023872000
3.200	  53.7293205000
3.210	  53.6835022000
3.220	  53.6040726000
3.230	  53.5490494000
3.240	  53.4851799000
3.250	  53.4861984000
3.260	  53.2570915000
3.270	  53.2792969000
3.280	  53.0972557000
3.290	  53.2002525000
3.300	  52.9772453000
3.310	  52.9087067000
3.320	  52.9937325000
3.330	  52.9157867000
3.340	  52.7246704000
3.350	  52.7328911000
3.360	  52.5394440000
3.370	  52.4395409000
3.380	  52.3949928000
3.390	  52.3168793000
3.400	  52.4613686000
3.410	  52.3033562000
3.420	  52.1084671000
3.430	  52.0408630000
3.440	  52.0185242000
3.450	  52.0548935000
3.460	  52.0240364000
3.470	  51.9310837000
3.480	  51.6595192000
3.490	  51.6172180000
3.500	  51.5739861000
3.510	  51.5825920000
3.520	  51.5254974000
3.530	  51.4981575000
3.540	  51.3439484000
3.550	  51.3213081000
3.560	  51.2700272000
3.570	  51.2545509000
3.580	  51.1815567000
3.590	  51.0164490000
3.600	  50.9645538000
3.610	  50.9219093000
3.620	  50.9275093000
3.630	  50.6912346000
3.640	  50.5745964000
3.650	  50.6261368000
3.660	  50.6238060000
3.670	  50.5767822000
3.680	  50.4544449000
3.690	  50.4570732000
3.700	  50.3199806000
3.710	  50.2370758000
3.720	  50.1400528000
3.730	  50.2410164000
3.740	  50.1047058000
3.750	  50.0048866000
3.760	  50.0089188000
3.770	  49.8421288000
3.780	  49.8620911000
3.790	  49.7007294000
3.800	  49.7785912000
3.810	  49.7878304000
3.820	  49.8436546000
3.830	  49.4561653000
3.840	  49.3615189000
3.850	  49.4385338000
3.860	  49.2996368000
3.870	  49.3056526000
3.880	  49.1763229000
3.890	  49.2047501000
3.900	  49.1460457000
3.910	  49.0288506000
3.920	  49.0729561000
3.930	  48.9502525000
3.940	  49.0461693000
3.950	  48.8021011000
3.960	  48.7163124000
3.970	  48.7499657000
3.980	  48.6936646000
3.990	  48.6462784000
4.000	  48.6692085000
4.010	  48.4496078000
4.020	  48.4580002000
4.030	  48.3574181000
4.040	  48.3444061000
4.050	  48.2784538000
4.060	  48.3003273000
4.070	  48.2167015000
4.080	  48.1874962000
4.090	  47.9185600000
4.100	  48.0076103000
4.110	  48.0038834000
4.120	  48.0264740000
4.130	  47.8815155000
4.140	  47.8622284000
4.150	  47.8002052000
4.160	  47.8318405000
4.170	  47.6645851000
4.180	  47.5426445000
4.190	  47.4357872000
4.200	  47.5223389000
4.210	  47.5225105000
4.220	  47.3344040000
4.230	  47.2844162000
4.240	  47.2690315000
4.250	  47.2544899000
4.260	  47.1730690000
4.270	  47.1230545000
4.280	  47.1451797000
4.290	  47.1955338000
4.300	  47.0754128000
4.310	  46.7533112000
4.320	  46.8208466000
4.330	  46.7847328000
4.340	  46.7938042000
4.350	  46.6805496000
4.360	  46.6051865000
4.370	  46.6774139000
4.380	  46.5586319000
4.390	  46.5798721000
4.400	  46.2656784000
4.410	  46.2658920000
4.420	  46.1764145000
4.430	  46.2654266000
4.440	  46.2097740000
4.450	  46.2112160000
4.460	  46.2032051000
4.470	  45.9017868000
4.480	  45.9237862000
4.490	  45.7204628000
4.500	  45.7103996000
4.510	  45.7809296000
4.520	  45.6633110000
4.530	  45.7186241000
4.540	  45.6436424000
4.550	  45.1863327000
4.560	  45.1856537000
4.570	  45.3235893000
4.580	  45.2084732000
4.590	  45.2593765000
4.600	  45.1858788000
4.610	  45.1851616000
4.620	  45.1969719000
4.630	  45.2460518000
4.640	  44.8630142000
4.650	  44.9165192000
4.660	  44.8395042000
4.670	  44.8062325000
4.680	  44.5786247000
4.690	  44.6703033000
4.700	  44.6425667000
4.710	  44.7539558000
4.720	  44.4216957000
4.730	  44.1269493000
4.740	  44.0921936000
4.750	  44.1671295000
4.760	  44.2916145000
4.770	  44.1528893000
4.780	  44.1433525000
4.790	  44.2528763000
4.800	  44.4127541000
4.810	  44.1594582000
4.820	  35.5264587000
4.830	  35.5323524000
4.840	  35.5836372000
4.850	  35.6313629000
4.860	  35.4678383000
4.870	  35.3727264000
4.880	  35.4158325000
4.890	  35.3408546000
4.900	  35.0579720000
4.910	  35.1361732000
4.920	  35.1552048000
4.930	  35.1899605000
4.940	  35.1379128000
4.950	  34.9328079000
4.960	  34.9668427000
4.970	  34.9889679000
4.980	  35.0453415000
4.990	  34.8111610000
5.000	  34.8646507000
5.010	  34.8010750000
5.020	  34.8180695000
5.030	  34.9528542000
5.040	  34.7211342000
5.050	  34.6374092000
5.060	  34.5741005000
5.070	  34.6950264000
5.080	  34.5857964000
5.090	  34.3719215000
5.100	  34.4488068000
5.110	  34.4529037000
5.120	  34.5281410000
5.130	  34.1833878000
5.140	  34.1254044000
5.150	  34.1883888000
5.160	  34.2772713000
5.170	  34.3814583000
5.180	  34.2730751000
5.190	  34.2661667000
5.200	  34.2837448000
5.210	  34.3328285000
5.220	  23.8797646000
5.230	  23.7507439000
5.240	  23.7559414000
5.250	  23.7430000000
5.260	  23.7969151000
5.270	  23.8832111000
5.280	  23.6590767000
5.290	  23.5232735000
5.300	  23.5785446000
5.310	  23.6124535000
5.320	  23.6383934000
5.330	  23.4913998000
5.340	  23.5173397000
5.350	  23.5500622000
5.360	  23.5914307000
5.370	  23.6573811000
5.380	  23.5150795000
5.390	  23.4004116000
5.400	  23.3723812000
5.410	  23.4513874000
5.420	  23.4898739000
5.430	  23.2464962000
5.440	  23.3225365000
5.450	  23.3062611000
5.460	  23.3884888000
5.470	  23.4242611000
5.480	  23.2409019000
5.490	  23.1301899000
5.500	  23.2010593000
5.510	  23.1848679000
5.520	  23.2397995000
5.530	  23.0476246000
5.540	  23.0895004000
5.550	  23.1522312000
5.560	  23.2217426000
5.570	  23.2754879000
5.580	  23.0716991000
5.590	  22.9623432000
5.600	  23.0527096000
5.610	  23.0494881000
5.620	  23.0235481000
5.630	  22.9569187000
5.640	  22.9294529000
5.650	  22.8928318000
5.660	  22.9401340000
5.670	  22.9709911000
5.680	  22.8029747000
5.690	  22.8718090000
5.700	  22.7712708000
5.710	  22.7348194000
5.720	  22.8292542000
5.730	  22.8226414000
5.740	  22.7176952000
5.750	  22.7446518000
5.760	  22.7768650000
5.770	  22.8200989000
5.780	  22.6603050000
5.790	  22.6754780000
5.800	  22.6544552000
5.810	  22.5629025000
5.820	  22.5418797000
5.830	  22.6486912000
5.840	  22.6169014000
5.850	  22.5936756000
5.860	  22.4927120000
5.870	  22.5327244000
5.880	  22.5800266000
5.890	  22.5012741000
5.900	  22.4926281000
5.910	  22.3183384000
5.920	  22.3464832000
5.930	  22.3777637000
5.940	  22.4845753000
5.950	  22.4083652000
5.960	  22.3105392000
5.970	  22.4037876000
5.980	  22.4224377000
5.990	  22.4899158000
6.000	  22.3653011000
6.010	  22.1255684000
6.020	  22.1255131000
6.030	  22.2061024000
6.040	  22.2183094000
6.050	  22.1447277000
6.060	  22.0660591000
6.070	  22.1323509000
6.080	  22.1094055000
6.090	  22.1449547000
6.100	  21.8950481000
6.110	  21.9133587000
6.120	  21.8697300000
6.130	  21.9604359000
6.140	  21.9063511000
6.150	  22.0175705000
6.160	  21.9188976000
6.170	  21.9834919000
6.180	  21.9885235000
6.190	  21.9847374000
6.200	  21.7109547000
6.210	  21.8144588000
6.220	  21.7723560000
6.230	  21.5559654000
6.240	  21.6407356000
6.250	  21.7394085000
6.260	  21.8404560000
6.270	  21.6826973000
6.280	  20.8463459000
6.290	  20.9682465000
6.300	  21.0594597000
6.310	  21.1703396000
6.320	  21.2693520000
6.330	  21.3714180000
6.340	  21.4558506000
6.350	  21.5602875000
6.360	  21.6632271000
6.370	  21.7802124000
6.380	   0.0000000000
6.390	   0.0000000000
6.400	   0.0000000000
6.410	   0.0000000000
6.420	   0.0000000000
6.430	   0.0000000000
6.440	   0.0000000000
6.450	   0.0000000000
6.460	   0.0000000000
6.470	   0.0000000000
6.480	   0.0000000000
6.490	   0.0000000000
6.500	   0.0000000000
6.510	   0.0000000000
6.520	   0.0000000000
6.530	   0.0000000000
6.540	   0.0000000000
6.550	   0.0000000000
6.560	   0.0000000000
6.570	   0.0000000000
6.580	   0.0000000000
6.590	   0.0000000000
6.600	   0.0000000000
6.610	   0.0000000000
6.620	   0.0000000000
6.630	   0.0000000000
6.640	   0.0000000000
6.650	   0.0000000000
6.660	   0.0000000000
6.670	   0.0000000000
6.680	   0.0000000000
6.690	   0.0000000000
6.700	   0.0000000000
6.710	   0.0000000000
6.720	   0.0000000000
6.730	   0.0000000000
6.740	   0.0000000000
6.750	   0.0000000000
6.760	   0.0000000000
6.770	   0.0000000000
6.780	   0.0000000000
6.790	   0.0000000000
6.800	   0.0000000000
6.810	   0.0000000000
6.820	   0.0000000000
6.830	   0.0000000000
6.840	   0.0000000000
6.850	   0.0000000000
6.860	   0.0000000000
6.870	   0.0000000000
6.880	   0.0000000000
6.890	   0.0000000000
6.900	   0.0000000000
6.910	   0.0000000000
6.920	   0.0000000000
6.930	   0.0000000000
6.940	   0.0000000000
6.950	   0.0000000000
6.960	   0.0000000000
6.970	   0.0000000000
6.980	   0.0000000000
6.990	   0.0000000000
7.000	   0.0000000000
